t # 128 
v 0 3
v 1 3
v 2 3
v 3 3
v 4 3
v 5 3
v 6 3
v 7 7
v 8 6
v 9 7
v 10 7
e 0 1 47
e 0 5 47
e 1 2 47
e 2 3 47
e 2 8 50
e 3 4 47
e 4 5 47
e 5 6 47
e 6 7 51
e 8 9 117
e 8 10 117
t # 135 
v 0 3
v 1 3
v 2 3
v 3 3
v 4 3
v 5 3
v 6 4
v 7 4
v 8 6
v 9 7
v 10 7
e 0 1 47
e 0 5 47
e 1 2 47
e 2 3 47
e 2 8 50
e 3 4 47
e 3 7 48
e 4 5 47
e 5 6 48
e 8 9 117
e 8 10 117
t # 137 
v 0 3
v 1 7
v 2 3
v 3 3
v 4 3
v 5 3
v 6 3
v 7 3
v 8 6
v 9 7
v 10 7
e 0 1 51
e 1 2 135
e 2 3 47
e 2 7 47
e 3 4 47
e 4 5 47
e 5 6 47
e 6 7 47
e 7 8 50
e 8 9 117
e 8 10 117
t # 139 
v 0 3
v 1 3
v 2 3
v 3 3
v 4 3
v 5 3
v 6 3
v 7 7
v 8 6
v 9 7
v 10 7
e 0 1 47
e 0 5 47
e 1 2 47
e 2 3 47
e 3 4 47
e 3 8 50
e 4 5 47
e 4 6 47
e 6 7 51
e 8 9 117
e 8 10 117
t # 141 
v 0 3
v 1 3
v 2 3
v 3 3
v 4 3
v 5 3
v 6 6
v 7 7
v 8 7
v 9 2
v 10 4
e 0 1 47
e 0 5 47
e 1 2 47
e 2 3 47
e 2 10 48
e 3 4 47
e 3 9 46
e 4 5 47
e 5 6 50
e 6 7 117
e 6 8 117
t # 143 
v 0 3
v 1 3
v 2 3
v 3 3
v 4 3
v 5 3
v 6 2
v 7 6
v 8 7
v 9 7
v 10 6
e 0 1 47
e 0 5 47
e 1 2 47
e 2 3 47
e 2 10 50
e 3 4 47
e 3 7 50
e 4 5 47
e 5 6 46
e 7 8 117
e 7 9 117
t # 144 
v 0 3
v 1 3
v 2 3
v 3 3
v 4 3
v 5 3
v 6 2
v 7 2
v 8 6
v 9 7
v 10 7
e 0 1 47
e 0 5 47
e 1 2 47
e 2 3 47
e 2 8 50
e 3 4 47
e 3 7 46
e 4 5 47
e 4 6 46
e 8 9 117
e 8 10 117
t # 147 
v 0 3
v 1 3
v 2 3
v 3 3
v 4 3
v 5 3
v 6 2
v 7 6
v 8 7
v 9 7
v 10 2
e 0 1 47
e 0 5 47
e 1 2 47
e 2 3 47
e 2 10 46
e 3 4 47
e 3 7 50
e 4 5 47
e 5 6 46
e 7 8 117
e 7 9 117
t # 155 
v 0 3
v 1 7
v 2 3
v 3 3
v 4 3
v 5 3
v 6 3
v 7 3
v 8 6
v 9 7
v 10 7
e 0 1 51
e 1 2 135
e 2 3 47
e 2 7 47
e 3 4 47
e 4 5 47
e 5 6 47
e 5 8 50
e 6 7 47
e 8 9 117
e 8 10 117
t # 158 
v 0 3
v 1 3
v 2 3
v 3 3
v 4 3
v 5 3
v 6 6
v 7 6
v 8 7
v 9 7
v 10 6
e 0 1 47
e 0 5 47
e 1 2 47
e 2 3 47
e 2 10 50
e 3 4 47
e 3 7 50
e 4 5 47
e 4 6 50
e 7 8 117
e 7 9 117
t # 159 
v 0 3
v 1 3
v 2 3
v 3 3
v 4 3
v 5 3
v 6 6
v 7 6
v 8 7
v 9 7
v 10 6
e 0 1 47
e 0 5 47
e 1 2 47
e 2 3 47
e 2 10 50
e 3 4 47
e 3 7 50
e 4 5 47
e 5 6 50
e 7 8 117
e 7 9 117
t # 174 
v 0 3
v 1 3
v 2 3
v 3 3
v 4 3
v 5 3
v 6 4
v 7 6
v 8 7
v 9 7
v 10 4
e 0 1 47
e 0 5 47
e 1 2 47
e 2 3 47
e 2 10 48
e 3 4 47
e 3 7 50
e 4 5 47
e 5 6 48
e 7 8 117
e 7 9 117
t # 175 
v 0 3
v 1 3
v 2 3
v 3 3
v 4 3
v 5 3
v 6 6
v 7 7
v 8 7
v 9 7
v 10 6
e 0 1 47
e 0 5 47
e 1 2 47
e 2 3 47
e 2 10 50
e 3 4 47
e 3 9 51
e 4 5 47
e 5 6 50
e 6 7 117
e 6 8 117
t # 184 
v 0 3
v 1 3
v 2 3
v 3 3
v 4 3
v 5 3
v 6 3
v 7 3
v 8 6
v 9 7
v 10 7
e 0 1 47
e 1 2 47
e 2 3 47
e 2 7 47
e 3 4 47
e 4 5 47
e 5 6 47
e 5 8 50
e 6 7 47
e 8 9 117
e 8 10 117
