t # 128 
v 0 3
v 1 3
v 2 3
v 3 3
v 4 3
v 5 3
v 6 3
v 7 7
v 8 6
v 9 7
v 10 7
e 0 1 47
e 0 5 47
e 1 2 47
e 2 3 47
e 2 8 50
e 3 4 47
e 4 5 47
e 5 6 47
e 6 7 51
e 8 9 117
e 8 10 117
t # 135 
v 0 3
v 1 3
v 2 3
v 3 3
v 4 3
v 5 3
v 6 4
v 7 4
v 8 6
v 9 7
v 10 7
e 0 1 47
e 0 5 47
e 1 2 47
e 2 3 47
e 2 8 50
e 3 4 47
e 3 7 48
e 4 5 47
e 5 6 48
e 8 9 117
e 8 10 117
t # 137 
v 0 3
v 1 7
v 2 3
v 3 3
v 4 3
v 5 3
v 6 3
v 7 3
v 8 6
v 9 7
v 10 7
e 0 1 51
e 1 2 135
e 2 3 47
e 2 7 47
e 3 4 47
e 4 5 47
e 5 6 47
e 6 7 47
e 7 8 50
e 8 9 117
e 8 10 117
t # 139 
v 0 3
v 1 3
v 2 3
v 3 3
v 4 3
v 5 3
v 6 3
v 7 7
v 8 6
v 9 7
v 10 7
e 0 1 47
e 0 5 47
e 1 2 47
e 2 3 47
e 3 4 47
e 3 8 50
e 4 5 47
e 4 6 47
e 6 7 51
e 8 9 117
e 8 10 117
t # 141 
v 0 3
v 1 3
v 2 3
v 3 3
v 4 3
v 5 3
v 6 6
v 7 7
v 8 7
v 9 2
v 10 4
e 0 1 47
e 0 5 47
e 1 2 47
e 2 3 47
e 2 10 48
e 3 4 47
e 3 9 46
e 4 5 47
e 5 6 50
e 6 7 117
e 6 8 117
t # 143 
v 0 3
v 1 3
v 2 3
v 3 3
v 4 3
v 5 3
v 6 2
v 7 6
v 8 7
v 9 7
v 10 6
e 0 1 47
e 0 5 47
e 1 2 47
e 2 3 47
e 2 10 50
e 3 4 47
e 3 7 50
e 4 5 47
e 5 6 46
e 7 8 117
e 7 9 117
t # 144 
v 0 3
v 1 3
v 2 3
v 3 3
v 4 3
v 5 3
v 6 2
v 7 2
v 8 6
v 9 7
v 10 7
e 0 1 47
e 0 5 47
e 1 2 47
e 2 3 47
e 2 8 50
e 3 4 47
e 3 7 46
e 4 5 47
e 4 6 46
e 8 9 117
e 8 10 117
t # 147 
v 0 3
v 1 3
v 2 3
v 3 3
v 4 3
v 5 3
v 6 2
v 7 6
v 8 7
v 9 7
v 10 2
e 0 1 47
e 0 5 47
e 1 2 47
e 2 3 47
e 2 10 46
e 3 4 47
e 3 7 50
e 4 5 47
e 5 6 46
e 7 8 117
e 7 9 117
t # 155 
v 0 3
v 1 7
v 2 3
v 3 3
v 4 3
v 5 3
v 6 3
v 7 3
v 8 6
v 9 7
v 10 7
e 0 1 51
e 1 2 135
e 2 3 47
e 2 7 47
e 3 4 47
e 4 5 47
e 5 6 47
e 5 8 50
e 6 7 47
e 8 9 117
e 8 10 117
t # 158 
v 0 3
v 1 3
v 2 3
v 3 3
v 4 3
v 5 3
v 6 6
v 7 6
v 8 7
v 9 7
v 10 6
e 0 1 47
e 0 5 47
e 1 2 47
e 2 3 47
e 2 10 50
e 3 4 47
e 3 7 50
e 4 5 47
e 4 6 50
e 7 8 117
e 7 9 117
t # 159 
v 0 3
v 1 3
v 2 3
v 3 3
v 4 3
v 5 3
v 6 6
v 7 6
v 8 7
v 9 7
v 10 6
e 0 1 47
e 0 5 47
e 1 2 47
e 2 3 47
e 2 10 50
e 3 4 47
e 3 7 50
e 4 5 47
e 5 6 50
e 7 8 117
e 7 9 117
t # 174 
v 0 3
v 1 3
v 2 3
v 3 3
v 4 3
v 5 3
v 6 4
v 7 6
v 8 7
v 9 7
v 10 4
e 0 1 47
e 0 5 47
e 1 2 47
e 2 3 47
e 2 10 48
e 3 4 47
e 3 7 50
e 4 5 47
e 5 6 48
e 7 8 117
e 7 9 117
t # 175 
v 0 3
v 1 3
v 2 3
v 3 3
v 4 3
v 5 3
v 6 6
v 7 7
v 8 7
v 9 7
v 10 6
e 0 1 47
e 0 5 47
e 1 2 47
e 2 3 47
e 2 10 50
e 3 4 47
e 3 9 51
e 4 5 47
e 5 6 50
e 6 7 117
e 6 8 117
t # 184 
v 0 3
v 1 3
v 2 3
v 3 3
v 4 3
v 5 3
v 6 3
v 7 3
v 8 6
v 9 7
v 10 7
e 0 1 47
e 1 2 47
e 2 3 47
e 2 7 47
e 3 4 47
e 4 5 47
e 5 6 47
e 5 8 50
e 6 7 47
e 8 9 117
e 8 10 117
t # 12 
v 0 3
v 1 3
v 2 3
v 3 3
v 4 3
v 5 3
v 6 6
v 7 7
v 8 7
v 9 3
v 10 3
v 11 3
e 0 1 47
e 0 5 47
e 1 2 47
e 2 3 47
e 2 11 47
e 3 4 47
e 3 9 47
e 4 5 47
e 5 6 50
e 6 7 117
e 6 8 117
e 9 10 47
e 10 11 47
t # 146 
v 0 3
v 1 3
v 2 7
v 3 3
v 4 3
v 5 3
v 6 3
v 7 3
v 8 3
v 9 6
v 10 7
v 11 7
e 0 1 47
e 1 2 51
e 2 3 135
e 3 4 47
e 3 8 47
e 4 5 47
e 5 6 47
e 6 7 47
e 7 8 47
e 8 9 50
e 9 10 117
e 9 11 117
t # 150 
v 0 3
v 1 3
v 2 6
v 3 3
v 4 3
v 5 6
v 6 3
v 7 3
v 8 7
v 9 6
v 10 7
v 11 7
e 0 1 47
e 1 2 50
e 1 5 50
e 2 3 113
e 3 4 47
e 4 5 50
e 4 9 50
e 5 6 113
e 6 7 47
e 7 8 51
e 9 10 117
e 9 11 117
t # 151 
v 0 3
v 1 3
v 2 3
v 3 3
v 4 6
v 5 3
v 6 6
v 7 6
v 8 7
v 9 7
v 10 3
v 11 3
e 0 1 47
e 0 11 47
e 1 2 47
e 2 3 47
e 2 6 50
e 3 4 50
e 3 10 47
e 4 5 113
e 5 6 50
e 5 7 50
e 7 8 117
e 7 9 117
e 10 11 47
t # 153 
v 0 3
v 1 3
v 2 3
v 3 3
v 4 3
v 5 3
v 6 6
v 7 7
v 8 7
v 9 6
v 10 3
v 11 3
e 0 1 47
e 0 5 47
e 1 2 47
e 2 3 47
e 2 11 47
e 3 4 47
e 3 9 50
e 4 5 47
e 5 6 50
e 6 7 117
e 6 8 117
e 9 10 113
e 10 11 47
t # 162 
v 0 3
v 1 3
v 2 3
v 3 3
v 4 3
v 5 3
v 6 6
v 7 7
v 8 7
v 9 3
v 10 3
v 11 6
e 0 1 47
e 0 5 47
e 1 2 47
e 2 3 47
e 2 11 50
e 3 4 47
e 3 9 47
e 4 5 47
e 5 6 50
e 6 7 117
e 6 8 117
e 9 10 47
e 10 11 50
t # 185 
v 0 3
v 1 3
v 2 7
v 3 3
v 4 3
v 5 3
v 6 3
v 7 3
v 8 3
v 9 6
v 10 7
v 11 7
e 0 1 47
e 1 2 51
e 1 3 47
e 3 4 47
e 3 8 47
e 4 5 47
e 5 6 47
e 6 7 47
e 6 9 50
e 7 8 47
e 9 10 117
e 9 11 117
t # 188 
v 0 3
v 1 3
v 2 3
v 3 6
v 4 3
v 5 6
v 6 3
v 7 3
v 8 3
v 9 6
v 10 7
v 11 7
e 0 1 47
e 0 8 47
e 1 2 47
e 2 3 50
e 2 6 47
e 3 4 113
e 4 5 50
e 5 6 113
e 6 7 47
e 7 8 47
e 8 9 50
e 9 10 117
e 9 11 117
t # 50 
v 0 3
v 1 3
v 2 3
v 3 3
v 4 3
v 5 6
v 6 6
v 7 3
v 8 3
v 9 6
v 10 7
v 11 7
e 0 1 47
e 0 8 47
e 1 2 47
e 2 3 47
e 2 9 50
e 3 4 47
e 4 5 50
e 4 8 47
e 5 6 116
e 6 7 113
e 7 8 47
e 9 10 117
e 9 11 117
t # 32 
v 0 3
v 1 3
v 2 3
v 3 3
v 4 6
v 5 6
v 6 3
v 7 3
v 8 3
v 9 6
v 10 7
v 11 7
e 0 1 47
e 0 8 47
e 1 2 47
e 2 3 47
e 2 6 47
e 3 4 50
e 4 5 116
e 5 6 113
e 6 7 47
e 7 8 47
e 7 9 50
e 9 10 117
e 9 11 117
t # 53 
v 0 3
v 1 3
v 2 3
v 3 3
v 4 3
v 5 3
v 6 6
v 7 7
v 8 7
v 9 3
v 10 3
v 11 3
e 0 1 47
e 0 5 47
e 1 2 47
e 2 3 47
e 2 11 47
e 3 4 47
e 3 9 47
e 4 5 47
e 5 6 50
e 6 7 117
e 6 8 117
e 9 10 47
e 10 11 47
t # 81 
v 0 3
v 1 3
v 2 3
v 3 3
v 4 3
v 5 3
v 6 6
v 7 7
v 8 7
v 9 6
v 10 7
v 11 7
e 0 1 47
e 0 5 47
e 1 2 47
e 2 3 47
e 2 9 50
e 3 4 47
e 4 5 47
e 5 6 50
e 6 7 117
e 6 8 117
e 9 10 117
e 9 11 117
t # 129 
v 0 3
v 1 3
v 2 3
v 3 3
v 4 3
v 5 3
v 6 6
v 7 7
v 8 7
v 9 6
v 10 7
v 11 7
v 12 6
e 0 1 47
e 0 5 47
e 1 2 47
e 2 3 47
e 2 12 50
e 3 4 47
e 3 9 50
e 4 5 47
e 5 6 50
e 6 7 117
e 6 8 117
e 9 10 117
e 9 11 117
t # 133 
v 0 3
v 1 6
v 2 3
v 3 3
v 4 3
v 5 3
v 6 3
v 7 3
v 8 3
v 9 6
v 10 6
v 11 7
v 12 7
e 0 1 50
e 1 2 113
e 1 9 116
e 2 3 47
e 2 7 47
e 3 4 47
e 4 5 47
e 5 6 47
e 5 10 50
e 6 7 47
e 7 8 47
e 8 9 50
e 10 11 117
e 10 12 117
t # 142 
v 0 3
v 1 6
v 2 6
v 3 3
v 4 3
v 5 3
v 6 3
v 7 3
v 8 3
v 9 3
v 10 6
v 11 7
v 12 7
e 0 1 50
e 1 2 116
e 1 9 113
e 2 3 113
e 3 4 47
e 3 8 47
e 4 5 47
e 5 6 47
e 5 10 50
e 6 7 47
e 7 8 47
e 8 9 47
e 10 11 117
e 10 12 117
t # 148 
v 0 3
v 1 3
v 2 6
v 3 3
v 4 3
v 5 3
v 6 3
v 7 3
v 8 3
v 9 6
v 10 6
v 11 7
v 12 7
e 0 1 47
e 1 2 50
e 1 9 50
e 2 3 113
e 3 4 47
e 3 8 47
e 4 5 47
e 5 6 47
e 5 10 50
e 6 7 47
e 7 8 47
e 8 9 50
e 10 11 117
e 10 12 117
t # 149 
v 0 3
v 1 6
v 2 3
v 3 3
v 4 3
v 5 3
v 6 3
v 7 3
v 8 3
v 9 6
v 10 6
v 11 7
v 12 7
e 0 1 50
e 1 2 113
e 1 9 116
e 2 3 47
e 2 7 47
e 3 4 47
e 4 5 47
e 4 10 50
e 5 6 47
e 6 7 47
e 7 8 47
e 8 9 50
e 10 11 117
e 10 12 117
t # 166 
v 0 3
v 1 3
v 2 3
v 3 3
v 4 3
v 5 3
v 6 3
v 7 3
v 8 3
v 9 3
v 10 6
v 11 7
v 12 7
e 0 1 47
e 0 9 47
e 1 2 47
e 2 3 47
e 3 4 47
e 3 8 47
e 4 5 47
e 5 6 47
e 5 10 50
e 6 7 47
e 7 8 47
e 8 9 47
e 10 11 117
e 10 12 117
t # 161 
v 0 3
v 1 3
v 2 3
v 3 3
v 4 3
v 5 3
v 6 4
v 7 6
v 8 7
v 9 7
v 10 6
v 11 7
v 12 7
e 0 1 47
e 0 5 47
e 1 2 47
e 2 3 47
e 2 10 50
e 3 4 47
e 3 7 50
e 4 5 47
e 5 6 48
e 7 8 117
e 7 9 117
e 10 11 117
e 10 12 117
t # 164 
v 0 3
v 1 3
v 2 3
v 3 3
v 4 3
v 5 3
v 6 3
v 7 3
v 8 6
v 9 3
v 10 6
v 11 7
v 12 7
e 0 1 47
e 0 9 47
e 1 2 47
e 2 3 47
e 2 7 47
e 3 4 47
e 4 5 47
e 4 10 50
e 5 6 47
e 6 7 47
e 7 8 50
e 8 9 113
e 10 11 117
e 10 12 117
t # 165 
v 0 3
v 1 3
v 2 3
v 3 3
v 4 3
v 5 3
v 6 6
v 7 3
v 8 3
v 9 3
v 10 6
v 11 7
v 12 7
e 0 1 47
e 0 9 47
e 1 2 47
e 2 3 47
e 2 7 47
e 3 4 47
e 4 5 47
e 5 6 50
e 6 7 113
e 7 8 47
e 8 9 47
e 8 10 50
e 10 11 117
e 10 12 117
t # 170 
v 0 3
v 1 3
v 2 3
v 3 3
v 4 3
v 5 3
v 6 3
v 7 6
v 8 3
v 9 3
v 10 6
v 11 7
v 12 7
e 0 1 47
e 0 9 47
e 1 2 47
e 2 3 47
e 2 7 50
e 3 4 47
e 3 8 47
e 4 5 47
e 5 6 47
e 6 7 50
e 8 9 47
e 8 10 50
e 10 11 117
e 10 12 117
t # 171 
v 0 3
v 1 3
v 2 3
v 3 3
v 4 3
v 5 3
v 6 3
v 7 3
v 8 3
v 9 3
v 10 6
v 11 7
v 12 7
e 0 1 47
e 0 5 47
e 1 2 47
e 2 3 47
e 3 4 47
e 3 9 47
e 4 5 47
e 4 6 47
e 6 7 47
e 7 8 47
e 8 9 47
e 9 10 50
e 10 11 117
e 10 12 117
t # 172 
v 0 3
v 1 6
v 2 3
v 3 3
v 4 3
v 5 3
v 6 3
v 7 3
v 8 3
v 9 6
v 10 6
v 11 7
v 12 7
e 0 1 50
e 1 2 113
e 1 9 116
e 2 3 47
e 3 4 47
e 3 8 47
e 4 5 47
e 5 6 47
e 5 10 50
e 6 7 47
e 7 8 47
e 8 9 50
e 10 11 117
e 10 12 117
t # 186 
v 0 3
v 1 6
v 2 3
v 3 3
v 4 3
v 5 3
v 6 3
v 7 3
v 8 6
v 9 7
v 10 7
v 11 3
v 12 6
e 0 1 50
e 1 2 113
e 1 12 116
e 2 3 47
e 2 7 47
e 3 4 47
e 3 11 47
e 4 5 47
e 5 6 47
e 6 7 47
e 7 8 50
e 8 9 117
e 8 10 117
e 11 12 50
t # 187 
v 0 3
v 1 3
v 2 3
v 3 3
v 4 6
v 5 3
v 6 3
v 7 3
v 8 3
v 9 3
v 10 6
v 11 7
v 12 7
e 0 1 47
e 0 9 47
e 1 2 47
e 2 3 47
e 2 7 47
e 3 4 50
e 4 5 113
e 5 6 47
e 6 7 47
e 7 8 47
e 8 9 47
e 8 10 50
e 10 11 117
e 10 12 117
t # 46 
v 0 3
v 1 3
v 2 3
v 3 3
v 4 3
v 5 3
v 6 6
v 7 7
v 8 7
v 9 6
v 10 7
v 11 7
v 12 4
e 0 1 47
e 0 5 47
e 1 2 47
e 2 3 47
e 2 12 48
e 3 4 47
e 3 9 50
e 4 5 47
e 5 6 50
e 6 7 117
e 6 8 117
e 9 10 117
e 9 11 117
t # 55 
v 0 3
v 1 6
v 2 6
v 3 3
v 4 3
v 5 3
v 6 3
v 7 3
v 8 3
v 9 3
v 10 6
v 11 7
v 12 7
e 0 1 50
e 1 2 116
e 1 5 113
e 2 3 113
e 3 4 47
e 3 9 47
e 4 5 47
e 4 6 47
e 6 7 47
e 7 8 47
e 8 9 47
e 9 10 50
e 10 11 117
e 10 12 117
t # 68 
v 0 3
v 1 3
v 2 3
v 3 3
v 4 3
v 5 3
v 6 6
v 7 7
v 8 7
v 9 6
v 10 7
v 11 7
v 12 2
e 0 1 47
e 0 5 47
e 1 2 47
e 2 3 47
e 2 12 46
e 3 4 47
e 3 9 50
e 4 5 47
e 5 6 50
e 6 7 117
e 6 8 117
e 9 10 117
e 9 11 117
t # 136 
v 0 3
v 1 3
v 2 3
v 3 3
v 4 3
v 5 3
v 6 6
v 7 7
v 8 7
v 9 6
v 10 7
v 11 7
v 12 6
v 13 6
e 0 1 47
e 0 5 47
e 1 2 47
e 2 3 47
e 2 12 50
e 3 4 47
e 3 9 50
e 4 5 47
e 5 6 50
e 6 7 117
e 6 8 117
e 9 10 117
e 9 11 117
e 12 13 116
t # 152 
v 0 3
v 1 7
v 2 3
v 3 3
v 4 3
v 5 3
v 6 3
v 7 3
v 8 6
v 9 7
v 10 7
v 11 6
v 12 7
v 13 7
e 0 1 51
e 1 2 135
e 2 3 47
e 2 7 47
e 3 4 47
e 4 5 47
e 5 6 47
e 5 11 50
e 6 7 47
e 7 8 50
e 8 9 117
e 8 10 117
e 11 12 117
e 11 13 117
t # 154 
v 0 3
v 1 3
v 2 3
v 3 3
v 4 3
v 5 3
v 6 6
v 7 7
v 8 7
v 9 6
v 10 1
v 11 6
v 12 7
v 13 7
e 0 1 47
e 0 5 47
e 1 2 47
e 1 11 50
e 2 3 47
e 3 4 47
e 3 10 45
e 4 5 47
e 4 9 50
e 5 6 50
e 6 7 117
e 6 8 117
e 11 12 117
e 11 13 117
t # 160 
v 0 3
v 1 3
v 2 3
v 3 3
v 4 3
v 5 3
v 6 3
v 7 3
v 8 3
v 9 3
v 10 6
v 11 6
v 12 7
v 13 7
e 0 1 47
e 1 2 47
e 1 10 50
e 2 3 47
e 3 4 47
e 4 5 47
e 4 9 47
e 5 6 47
e 6 7 47
e 7 8 47
e 8 9 47
e 8 11 50
e 9 10 50
e 11 12 117
e 11 13 117
t # 167 
v 0 3
v 1 3
v 2 3
v 3 3
v 4 3
v 5 3
v 6 3
v 7 3
v 8 3
v 9 3
v 10 3
v 11 6
v 12 7
v 13 7
e 0 1 47
e 1 2 47
e 1 10 47
e 2 3 47
e 3 4 47
e 3 8 47
e 4 5 47
e 5 6 47
e 6 7 47
e 7 8 47
e 8 9 47
e 9 10 47
e 10 11 50
e 11 12 117
e 11 13 117
t # 173 
v 0 3
v 1 3
v 2 3
v 3 3
v 4 3
v 5 3
v 6 3
v 7 3
v 8 3
v 9 3
v 10 3
v 11 6
v 12 7
v 13 7
e 0 1 47
e 1 2 47
e 1 10 47
e 2 3 47
e 2 7 47
e 3 4 47
e 4 5 47
e 5 6 47
e 6 7 47
e 7 8 47
e 8 9 47
e 9 10 47
e 10 11 50
e 11 12 117
e 11 13 117
t # 178 
v 0 3
v 1 3
v 2 3
v 3 3
v 4 3
v 5 3
v 6 6
v 7 7
v 8 7
v 9 3
v 10 7
v 11 3
v 12 7
v 13 6
e 0 1 47
e 0 5 47
e 1 2 47
e 2 3 47
e 2 13 50
e 3 4 47
e 3 9 47
e 4 5 47
e 5 6 50
e 6 7 117
e 6 8 117
e 9 10 51
e 9 11 47
e 11 12 51
e 11 13 50
t # 11 
v 0 3
v 1 3
v 2 3
v 3 3
v 4 3
v 5 3
v 6 3
v 7 3
v 8 3
v 9 3
v 10 3
v 11 3
v 12 6
v 13 7
v 14 7
e 0 1 47
e 0 9 47
e 1 2 47
e 2 3 47
e 2 7 47
e 3 4 47
e 4 5 47
e 5 6 47
e 5 12 50
e 6 7 47
e 6 11 47
e 7 8 47
e 8 9 47
e 8 10 47
e 10 11 47
e 12 13 117
e 12 14 117
t # 125 
v 0 3
v 1 3
v 2 3
v 3 3
v 4 3
v 5 3
v 6 3
v 7 3
v 8 3
v 9 3
v 10 3
v 11 3
v 12 6
v 13 7
v 14 7
e 0 1 47
e 0 9 47
e 1 2 47
e 2 3 47
e 2 7 47
e 3 4 47
e 4 5 47
e 5 6 47
e 6 7 47
e 6 11 47
e 7 8 47
e 8 9 47
e 8 10 47
e 10 11 47
e 11 12 50
e 12 13 117
e 12 14 117
t # 168 
v 0 3
v 1 3
v 2 3
v 3 3
v 4 3
v 5 3
v 6 3
v 7 3
v 8 3
v 9 3
v 10 3
v 11 3
v 12 6
v 13 7
v 14 7
e 0 1 47
e 0 5 47
e 1 2 47
e 2 3 47
e 3 4 47
e 3 6 47
e 4 5 47
e 6 7 47
e 6 11 47
e 7 8 47
e 8 9 47
e 9 10 47
e 9 12 50
e 10 11 47
e 12 13 117
e 12 14 117
t # 169 
v 0 3
v 1 7
v 2 3
v 3 3
v 4 3
v 5 3
v 6 3
v 7 3
v 8 6
v 9 3
v 10 3
v 11 3
v 12 6
v 13 7
v 14 7
e 0 1 51
e 1 2 135
e 2 3 47
e 2 11 47
e 3 4 47
e 4 5 47
e 4 9 47
e 5 6 47
e 6 7 47
e 7 8 50
e 8 9 113
e 9 10 47
e 10 11 47
e 10 12 50
e 12 13 117
e 12 14 117
t # 21 
v 0 3
v 1 3
v 2 3
v 3 3
v 4 3
v 5 3
v 6 3
v 7 3
v 8 3
v 9 3
v 10 6
v 11 7
v 12 7
v 13 3
v 14 3
e 0 1 47
e 0 9 47
e 1 2 47
e 2 3 47
e 2 14 47
e 3 4 47
e 3 8 47
e 4 5 47
e 4 13 47
e 5 6 47
e 6 7 47
e 7 8 47
e 7 10 50
e 8 9 47
e 10 11 117
e 10 12 117
e 13 14 47
t # 30 
v 0 3
v 1 3
v 2 3
v 3 3
v 4 3
v 5 3
v 6 3
v 7 3
v 8 3
v 9 3
v 10 3
v 11 3
v 12 6
v 13 7
v 14 7
e 0 1 47
e 0 9 47
e 1 2 47
e 2 3 47
e 2 7 47
e 3 4 47
e 4 5 47
e 5 6 47
e 5 12 50
e 6 7 47
e 6 11 47
e 7 8 47
e 8 9 47
e 8 10 47
e 10 11 47
e 12 13 117
e 12 14 117
t # 34 
v 0 3
v 1 3
v 2 3
v 3 3
v 4 3
v 5 3
v 6 3
v 7 3
v 8 3
v 9 3
v 10 6
v 11 7
v 12 7
v 13 3
v 14 3
e 0 1 47
e 0 9 47
e 1 2 47
e 2 3 47
e 2 14 47
e 3 4 47
e 3 8 47
e 4 5 47
e 4 13 47
e 5 6 47
e 6 7 47
e 7 8 47
e 7 10 50
e 8 9 47
e 10 11 117
e 10 12 117
e 13 14 47
t # 105 
v 0 3
v 1 3
v 2 3
v 3 3
v 4 3
v 5 3
v 6 3
v 7 3
v 8 3
v 9 3
v 10 3
v 11 3
v 12 3
v 13 6
v 14 7
v 15 7
e 0 1 47
e 0 5 47
e 1 2 47
e 2 3 47
e 3 4 47
e 3 8 47
e 4 5 47
e 4 6 47
e 6 7 47
e 7 8 47
e 7 12 47
e 8 9 47
e 9 10 47
e 10 11 47
e 11 12 47
e 11 13 50
e 13 14 117
e 13 15 117
t # 112 
v 0 3
v 1 3
v 2 3
v 3 3
v 4 6
v 5 3
v 6 3
v 7 3
v 8 3
v 9 3
v 10 3
v 11 3
v 12 3
v 13 6
v 14 7
v 15 7
e 0 1 47
e 0 12 47
e 1 2 47
e 2 3 47
e 3 4 50
e 3 11 47
e 4 5 113
e 5 6 47
e 5 10 47
e 6 7 47
e 7 8 47
e 7 13 50
e 8 9 47
e 9 10 47
e 10 11 47
e 11 12 47
e 13 14 117
e 13 15 117
t # 115 
v 0 3
v 1 3
v 2 3
v 3 3
v 4 3
v 5 3
v 6 3
v 7 3
v 8 3
v 9 3
v 10 3
v 11 3
v 12 7
v 13 6
v 14 7
v 15 7
e 0 1 47
e 0 5 47
e 1 2 47
e 2 3 47
e 3 4 47
e 3 12 51
e 4 5 47
e 4 6 47
e 6 7 47
e 6 11 47
e 7 8 47
e 8 9 47
e 8 13 50
e 9 10 47
e 10 11 47
e 11 12 51
e 13 14 117
e 13 15 117
t # 126 
v 0 3
v 1 3
v 2 3
v 3 3
v 4 3
v 5 3
v 6 6
v 7 3
v 8 3
v 9 3
v 10 3
v 11 3
v 12 3
v 13 6
v 14 7
v 15 7
e 0 1 47
e 0 5 47
e 1 2 47
e 2 3 47
e 2 7 47
e 3 4 47
e 4 5 47
e 4 6 50
e 7 8 47
e 7 12 47
e 8 9 47
e 9 10 47
e 10 11 47
e 11 12 47
e 11 13 50
e 13 14 117
e 13 15 117
t # 130 
v 0 3
v 1 3
v 2 3
v 3 3
v 4 3
v 5 3
v 6 3
v 7 3
v 8 3
v 9 3
v 10 3
v 11 3
v 12 6
v 13 7
v 14 7
v 15 6
e 0 1 47
e 0 5 47
e 1 2 47
e 2 3 47
e 3 4 47
e 3 15 50
e 4 5 47
e 4 6 47
e 6 7 47
e 6 11 47
e 7 8 47
e 8 9 47
e 9 10 47
e 9 12 50
e 10 11 47
e 12 13 117
e 12 14 117
t # 163 
v 0 3
v 1 3
v 2 3
v 3 3
v 4 6
v 5 3
v 6 3
v 7 3
v 8 3
v 9 3
v 10 3
v 11 3
v 12 3
v 13 6
v 14 7
v 15 7
e 0 1 47
e 0 12 47
e 1 2 47
e 2 3 47
e 3 4 50
e 3 11 47
e 4 5 113
e 5 6 47
e 5 10 47
e 6 7 47
e 7 8 47
e 8 9 47
e 8 13 50
e 9 10 47
e 10 11 47
e 11 12 47
e 13 14 117
e 13 15 117
t # 176 
v 0 3
v 1 3
v 2 3
v 3 3
v 4 3
v 5 3
v 6 3
v 7 3
v 8 3
v 9 3
v 10 6
v 11 7
v 12 7
v 13 6
v 14 7
v 15 7
e 0 1 47
e 0 5 47
e 1 2 47
e 2 3 47
e 3 4 47
e 3 9 47
e 4 5 47
e 4 6 47
e 6 7 47
e 7 8 47
e 7 13 50
e 8 9 47
e 9 10 50
e 10 11 117
e 10 12 117
e 13 14 117
e 13 15 117
t # 178 
v 0 3
v 1 3
v 2 3
v 3 3
v 4 3
v 5 3
v 6 6
v 7 7
v 8 7
v 9 3
v 10 7
v 11 3
v 12 7
v 13 6
e 0 1 47
e 0 5 47
e 1 2 47
e 2 3 47
e 2 13 50
e 3 4 47
e 3 9 47
e 4 5 47
e 5 6 50
e 6 7 117
e 6 8 117
e 9 10 51
e 9 11 47
e 11 12 51
e 11 13 50
t # 179 
v 0 3
v 1 3
v 2 3
v 3 3
v 4 3
v 5 3
v 6 3
v 7 3
v 8 3
v 9 3
v 10 3
v 11 3
v 12 6
v 13 6
v 14 7
v 15 7
e 0 1 47
e 0 5 47
e 1 2 47
e 2 3 47
e 3 4 47
e 3 13 50
e 4 5 47
e 4 6 47
e 6 7 47
e 6 11 47
e 7 8 47
e 8 9 47
e 9 10 47
e 10 11 47
e 10 12 50
e 13 14 117
e 13 15 117
t # 181 
v 0 3
v 1 3
v 2 3
v 3 3
v 4 3
v 5 3
v 6 3
v 7 3
v 8 3
v 9 3
v 10 3
v 11 3
v 12 6
v 13 7
v 14 7
v 15 6
e 0 1 47
e 0 5 47
e 1 2 47
e 2 3 47
e 3 4 47
e 3 15 50
e 4 5 47
e 4 6 47
e 6 7 47
e 6 11 47
e 7 8 47
e 8 9 47
e 9 10 47
e 10 11 47
e 10 12 50
e 12 13 117
e 12 14 117
t # 182 
v 0 3
v 1 3
v 2 3
v 3 3
v 4 3
v 5 3
v 6 3
v 7 3
v 8 3
v 9 3
v 10 3
v 11 3
v 12 3
v 13 6
v 14 7
v 15 7
e 0 1 47
e 1 2 47
e 1 6 47
e 2 3 47
e 3 4 47
e 4 5 47
e 5 6 47
e 6 7 47
e 7 8 47
e 7 12 47
e 8 9 47
e 9 10 47
e 10 11 47
e 10 13 50
e 11 12 47
e 13 14 117
e 13 15 117
t # 27 
v 0 3
v 1 3
v 2 3
v 3 3
v 4 3
v 5 3
v 6 3
v 7 3
v 8 3
v 9 3
v 10 6
v 11 7
v 12 7
v 13 6
v 14 7
v 15 7
e 0 1 47
e 0 9 47
e 1 2 47
e 2 3 47
e 2 7 47
e 3 4 47
e 4 5 47
e 5 6 47
e 6 7 47
e 6 13 50
e 7 8 47
e 8 9 47
e 8 10 50
e 10 11 117
e 10 12 117
e 13 14 117
e 13 15 117
t # 28 
v 0 3
v 1 3
v 2 3
v 3 3
v 4 3
v 5 3
v 6 6
v 7 3
v 8 3
v 9 3
v 10 3
v 11 3
v 12 3
v 13 6
v 14 7
v 15 7
e 0 1 47
e 0 5 47
e 1 2 47
e 2 3 47
e 2 7 47
e 3 4 47
e 4 5 47
e 4 6 50
e 7 8 47
e 7 12 47
e 8 9 47
e 9 10 47
e 10 11 47
e 10 13 50
e 11 12 47
e 13 14 117
e 13 15 117
t # 29 
v 0 3
v 1 3
v 2 3
v 3 3
v 4 3
v 5 3
v 6 3
v 7 3
v 8 3
v 9 3
v 10 3
v 11 3
v 12 6
v 13 7
v 14 7
v 15 6
e 0 1 47
e 0 5 47
e 1 2 47
e 2 3 47
e 2 15 50
e 3 4 47
e 4 5 47
e 5 6 47
e 6 7 47
e 6 11 47
e 7 8 47
e 8 9 47
e 9 10 47
e 9 12 50
e 10 11 47
e 12 13 117
e 12 14 117
t # 87 
v 0 3
v 1 3
v 2 3
v 3 3
v 4 3
v 5 3
v 6 3
v 7 3
v 8 6
v 9 7
v 10 7
v 11 3
v 12 3
v 13 6
v 14 7
v 15 7
e 0 1 47
e 0 12 47
e 1 2 47
e 2 3 47
e 2 7 47
e 3 4 47
e 3 11 47
e 4 5 47
e 5 6 47
e 6 7 47
e 7 8 50
e 8 9 117
e 8 10 117
e 11 12 47
e 11 13 50
e 13 14 117
e 13 15 117
