t # 1 
v 0 3
v 1 3
v 2 3
v 3 3
v 4 3
v 5 3
v 6 3
v 7 3
v 8 3
v 9 3
v 10 3
v 11 3
v 12 3
v 13 3
v 14 3
v 15 3
v 16 3
v 17 3
v 18 3
v 19 3
v 20 6
v 21 7
v 22 7
e 0 1 47
e 0 13 47
e 1 2 47
e 2 3 47
e 2 11 47
e 3 4 47
e 4 5 47
e 5 6 47
e 5 10 47
e 6 7 47
e 6 20 50
e 7 8 47
e 8 9 47
e 9 10 47
e 9 15 47
e 10 11 47
e 11 12 47
e 12 13 47
e 12 14 47
e 14 15 47
e 14 19 47
e 15 16 47
e 16 17 47
e 17 18 47
e 18 19 47
e 20 21 117
e 20 22 117
t # 10 
v 0 3
v 1 3
v 2 3
v 3 3
v 4 3
v 5 3
v 6 3
v 7 3
v 8 3
v 9 3
v 10 3
v 11 3
v 12 3
v 13 3
v 14 6
v 15 7
v 16 7
e 0 1 47
e 1 2 47
e 1 6 47
e 2 3 47
e 3 4 47
e 4 5 47
e 4 9 47
e 5 6 47
e 5 7 47
e 7 8 47
e 8 9 47
e 8 13 47
e 9 10 47
e 10 11 47
e 11 12 47
e 12 13 47
e 12 14 50
e 14 15 117
e 14 16 117
t # 100 
v 0 3
v 1 3
v 2 3
v 3 3
v 4 3
v 5 3
v 6 3
v 7 3
v 8 3
v 9 3
v 10 3
v 11 3
v 12 3
v 13 3
v 14 3
v 15 3
v 16 7
v 17 6
v 18 7
v 19 7
e 0 1 47
e 0 5 47
e 1 2 47
e 2 3 47
e 3 4 47
e 3 12 47
e 4 5 47
e 4 6 47
e 6 7 47
e 6 11 47
e 7 8 47
e 8 9 47
e 9 10 47
e 10 11 47
e 10 15 47
e 11 12 47
e 12 13 47
e 13 14 47
e 13 17 50
e 14 15 47
e 14 16 51
e 17 18 117
e 17 19 117
t # 101 
v 0 3
v 1 3
v 2 3
v 3 3
v 4 3
v 5 3
v 6 3
v 7 3
v 8 3
v 9 3
v 10 3
v 11 3
v 12 3
v 13 3
v 14 3
v 15 3
v 16 3
v 17 3
v 18 3
v 19 3
v 20 6
v 21 7
v 22 7
e 0 1 47
e 0 5 47
e 1 2 47
e 2 3 47
e 3 4 47
e 3 17 47
e 4 5 47
e 4 6 47
e 6 7 47
e 7 8 47
e 7 16 47
e 8 9 47
e 9 10 47
e 10 11 47
e 10 15 47
e 11 12 47
e 11 20 50
e 12 13 47
e 13 14 47
e 14 15 47
e 14 19 47
e 15 16 47
e 16 17 47
e 17 18 47
e 18 19 47
e 20 21 117
e 20 22 117
t # 102 
v 0 3
v 1 3
v 2 3
v 3 3
v 4 3
v 5 3
v 6 6
v 7 7
v 8 7
v 9 3
v 10 3
v 11 3
v 12 3
v 13 3
v 14 3
v 15 3
v 16 6
v 17 7
v 18 7
e 0 1 47
e 0 5 47
e 1 2 47
e 2 3 47
e 2 15 47
e 3 4 47
e 3 9 47
e 4 5 47
e 4 6 50
e 6 7 117
e 6 8 117
e 9 10 47
e 9 14 47
e 10 11 47
e 11 12 47
e 12 13 47
e 12 16 50
e 13 14 47
e 14 15 47
e 16 17 117
e 16 18 117
t # 103 
v 0 3
v 1 3
v 2 3
v 3 3
v 4 3
v 5 3
v 6 3
v 7 3
v 8 3
v 9 3
v 10 3
v 11 3
v 12 3
v 13 3
v 14 3
v 15 3
v 16 6
v 17 7
v 18 7
v 19 6
v 20 7
v 21 7
v 22 6
v 23 7
v 24 7
v 25 6
v 26 7
v 27 7
e 0 1 47
e 0 9 47
e 1 2 47
e 2 3 47
e 2 7 47
e 3 4 47
e 3 25 50
e 4 5 47
e 5 6 47
e 5 22 50
e 6 7 47
e 6 15 47
e 7 8 47
e 8 9 47
e 8 13 47
e 9 10 47
e 10 11 47
e 10 19 50
e 11 12 47
e 12 13 47
e 12 16 50
e 13 14 47
e 14 15 47
e 16 17 117
e 16 18 117
e 19 20 117
e 19 21 117
e 22 23 117
e 22 24 117
e 25 26 117
e 25 27 117
t # 104 
v 0 3
v 1 3
v 2 3
v 3 3
v 4 3
v 5 3
v 6 3
v 7 3
v 8 3
v 9 3
v 10 3
v 11 3
v 12 3
v 13 3
v 14 3
v 15 3
v 16 3
v 17 3
v 18 3
v 19 3
v 20 6
v 21 7
v 22 7
v 23 6
v 24 7
v 25 7
e 0 1 47
e 0 9 47
e 1 2 47
e 2 3 47
e 2 7 47
e 3 4 47
e 4 5 47
e 5 6 47
e 5 23 50
e 6 7 47
e 6 15 47
e 7 8 47
e 8 9 47
e 8 13 47
e 9 10 47
e 10 11 47
e 11 12 47
e 12 13 47
e 12 20 50
e 13 14 47
e 14 15 47
e 14 19 47
e 15 16 47
e 16 17 47
e 17 18 47
e 18 19 47
e 20 21 117
e 20 22 117
e 23 24 117
e 23 25 117
t # 105 
v 0 3
v 1 3
v 2 3
v 3 3
v 4 3
v 5 3
v 6 3
v 7 3
v 8 3
v 9 3
v 10 3
v 11 3
v 12 3
v 13 6
v 14 7
v 15 7
e 0 1 47
e 0 5 47
e 1 2 47
e 2 3 47
e 3 4 47
e 3 8 47
e 4 5 47
e 4 6 47
e 6 7 47
e 7 8 47
e 7 12 47
e 8 9 47
e 9 10 47
e 10 11 47
e 11 12 47
e 11 13 50
e 13 14 117
e 13 15 117
t # 106 
v 0 3
v 1 3
v 2 3
v 3 3
v 4 3
v 5 3
v 6 3
v 7 3
v 8 3
v 9 3
v 10 3
v 11 3
v 12 3
v 13 3
v 14 3
v 15 3
v 16 3
v 17 3
v 18 3
v 19 3
v 20 6
v 21 7
v 22 7
e 0 1 47
e 0 9 47
e 1 2 47
e 2 3 47
e 2 7 47
e 3 4 47
e 4 5 47
e 5 6 47
e 6 7 47
e 6 11 47
e 7 8 47
e 8 9 47
e 8 10 47
e 10 11 47
e 10 19 47
e 11 12 47
e 12 13 47
e 13 14 47
e 13 18 47
e 14 15 47
e 15 16 47
e 15 20 50
e 16 17 47
e 17 18 47
e 18 19 47
e 20 21 117
e 20 22 117
t # 107 
v 0 3
v 1 3
v 2 3
v 3 3
v 4 3
v 5 3
v 6 3
v 7 3
v 8 3
v 9 3
v 10 3
v 11 3
v 12 6
v 13 7
v 14 7
v 15 6
v 16 7
v 17 7
e 0 1 47
e 0 5 47
e 1 2 47
e 2 3 47
e 2 15 50
e 3 4 47
e 4 5 47
e 5 6 47
e 6 7 47
e 6 11 47
e 7 8 47
e 8 9 47
e 9 10 47
e 9 12 50
e 10 11 47
e 12 13 117
e 12 14 117
e 15 16 117
e 15 17 117
t # 108 
v 0 3
v 1 3
v 2 3
v 3 3
v 4 3
v 5 3
v 6 7
v 7 3
v 8 3
v 9 3
v 10 3
v 11 3
v 12 3
v 13 7
v 14 6
v 15 7
v 16 7
e 0 1 47
e 0 5 47
e 1 2 47
e 2 3 47
e 3 4 47
e 3 13 51
e 4 5 47
e 4 6 51
e 6 7 135
e 7 8 47
e 7 12 47
e 8 9 47
e 9 10 47
e 10 11 47
e 10 14 50
e 11 12 47
e 12 13 51
e 14 15 117
e 14 16 117
t # 109 
v 0 3
v 1 3
v 2 3
v 3 3
v 4 3
v 5 3
v 6 3
v 7 3
v 8 3
v 9 3
v 10 3
v 11 3
v 12 3
v 13 3
v 14 3
v 15 3
v 16 6
v 17 7
v 18 7
e 0 1 47
e 0 9 47
e 1 2 47
e 2 3 47
e 2 7 47
e 3 4 47
e 4 5 47
e 5 6 47
e 6 7 47
e 6 11 47
e 7 8 47
e 8 9 47
e 8 10 47
e 10 11 47
e 10 15 47
e 11 12 47
e 12 13 47
e 12 16 50
e 13 14 47
e 14 15 47
e 16 17 117
e 16 18 117
t # 11 
v 0 3
v 1 3
v 2 3
v 3 3
v 4 3
v 5 3
v 6 3
v 7 3
v 8 3
v 9 3
v 10 3
v 11 3
v 12 6
v 13 7
v 14 7
e 0 1 47
e 0 9 47
e 1 2 47
e 2 3 47
e 2 7 47
e 3 4 47
e 4 5 47
e 5 6 47
e 5 12 50
e 6 7 47
e 6 11 47
e 7 8 47
e 8 9 47
e 8 10 47
e 10 11 47
e 12 13 117
e 12 14 117
t # 110 
v 0 3
v 1 3
v 2 3
v 3 3
v 4 3
v 5 3
v 6 6
v 7 7
v 8 7
v 9 6
v 10 7
v 11 7
e 0 1 47
e 0 5 47
e 1 2 47
e 2 3 47
e 2 9 50
e 3 4 47
e 4 5 47
e 4 6 50
e 6 7 117
e 6 8 117
e 9 10 117
e 9 11 117
t # 111 
v 0 3
v 1 3
v 2 3
v 3 3
v 4 3
v 5 3
v 6 3
v 7 3
v 8 3
v 9 3
v 10 3
v 11 3
v 12 3
v 13 3
v 14 3
v 15 3
v 16 6
v 17 7
v 18 7
v 19 6
v 20 7
v 21 7
v 22 6
v 23 7
v 24 7
e 0 1 47
e 0 5 47
e 1 2 47
e 2 3 47
e 3 4 47
e 3 12 47
e 4 5 47
e 4 6 47
e 6 7 47
e 6 11 47
e 7 8 47
e 8 9 47
e 9 10 47
e 9 22 50
e 10 11 47
e 10 15 47
e 11 12 47
e 12 13 47
e 13 14 47
e 13 19 50
e 14 15 47
e 14 16 50
e 16 17 117
e 16 18 117
e 19 20 117
e 19 21 117
e 22 23 117
e 22 24 117
t # 112 
v 0 3
v 1 3
v 2 3
v 3 3
v 4 6
v 5 3
v 6 3
v 7 3
v 8 3
v 9 3
v 10 3
v 11 3
v 12 3
v 13 6
v 14 7
v 15 7
e 0 1 47
e 0 12 47
e 1 2 47
e 2 3 47
e 3 4 50
e 3 11 47
e 4 5 113
e 5 6 47
e 5 10 47
e 6 7 47
e 7 8 47
e 7 13 50
e 8 9 47
e 9 10 47
e 10 11 47
e 11 12 47
e 13 14 117
e 13 15 117
t # 113 
v 0 3
v 1 3
v 2 3
v 3 3
v 4 3
v 5 3
v 6 3
v 7 3
v 8 3
v 9 3
v 10 3
v 11 3
v 12 3
v 13 3
v 14 3
v 15 3
v 16 3
v 17 3
v 18 3
v 19 3
v 20 6
v 21 7
v 22 7
e 0 1 47
e 0 5 47
e 1 2 47
e 2 3 47
e 3 4 47
e 3 17 47
e 4 5 47
e 4 6 47
e 6 7 47
e 7 8 47
e 7 16 47
e 8 9 47
e 8 13 47
e 9 10 47
e 10 11 47
e 11 12 47
e 12 13 47
e 13 14 47
e 14 15 47
e 15 16 47
e 15 19 47
e 16 17 47
e 17 18 47
e 18 19 47
e 19 20 50
e 20 21 117
e 20 22 117
t # 114 
v 0 3
v 1 3
v 2 3
v 3 3
v 4 3
v 5 3
v 6 3
v 7 3
v 8 3
v 9 3
v 10 3
v 11 3
v 12 3
v 13 3
v 14 3
v 15 3
v 16 3
v 17 3
v 18 3
v 19 3
v 20 6
v 21 7
v 22 7
e 0 1 47
e 0 17 47
e 1 2 47
e 2 3 47
e 3 4 47
e 3 16 47
e 4 5 47
e 5 6 47
e 5 14 47
e 6 7 47
e 6 11 47
e 7 8 47
e 8 9 47
e 9 10 47
e 10 11 47
e 10 19 47
e 11 12 47
e 12 13 47
e 12 18 47
e 13 14 47
e 14 15 47
e 15 16 47
e 16 17 47
e 18 19 47
e 18 20 50
e 20 21 117
e 20 22 117
t # 115 
v 0 3
v 1 3
v 2 3
v 3 3
v 4 3
v 5 3
v 6 3
v 7 3
v 8 3
v 9 3
v 10 3
v 11 3
v 12 7
v 13 6
v 14 7
v 15 7
e 0 1 47
e 0 5 47
e 1 2 47
e 2 3 47
e 3 4 47
e 3 12 51
e 4 5 47
e 4 6 47
e 6 7 47
e 6 11 47
e 7 8 47
e 8 9 47
e 8 13 50
e 9 10 47
e 10 11 47
e 11 12 51
e 13 14 117
e 13 15 117
t # 116 
v 0 3
v 1 3
v 2 7
v 3 7
v 4 3
v 5 3
v 6 3
v 7 3
v 8 3
v 9 3
v 10 3
v 11 3
v 12 3
v 13 3
v 14 3
v 15 3
v 16 3
v 17 6
v 18 7
v 19 7
e 0 1 47
e 1 2 51
e 1 3 51
e 3 4 135
e 4 5 47
e 4 9 47
e 5 6 47
e 6 7 47
e 7 8 47
e 7 12 47
e 8 9 47
e 8 10 47
e 10 11 47
e 11 12 47
e 11 16 47
e 12 13 47
e 13 14 47
e 14 15 47
e 15 16 47
e 15 17 50
e 17 18 117
e 17 19 117
t # 117 
v 0 3
v 1 3
v 2 3
v 3 3
v 4 3
v 5 3
v 6 3
v 7 3
v 8 3
v 9 3
v 10 3
v 11 3
v 12 3
v 13 3
v 14 3
v 15 3
v 16 3
v 17 3
v 18 3
v 19 3
v 20 6
v 21 7
v 22 7
e 0 1 47
e 0 5 47
e 1 2 47
e 2 3 47
e 3 4 47
e 3 13 47
e 4 5 47
e 4 6 47
e 6 7 47
e 6 11 47
e 7 8 47
e 8 9 47
e 9 10 47
e 10 11 47
e 10 19 47
e 11 12 47
e 12 13 47
e 12 17 47
e 13 14 47
e 14 15 47
e 14 20 50
e 15 16 47
e 16 17 47
e 17 18 47
e 18 19 47
e 20 21 117
e 20 22 117
t # 118 
v 0 3
v 1 3
v 2 3
v 3 3
v 4 3
v 5 3
v 6 3
v 7 3
v 8 3
v 9 3
v 10 3
v 11 3
v 12 3
v 13 3
v 14 3
v 15 3
v 16 6
v 17 7
v 18 7
v 19 3
v 20 3
v 21 3
v 22 3
v 23 7
v 24 7
e 0 1 47
e 0 9 47
e 1 2 47
e 2 3 47
e 2 7 47
e 3 4 47
e 3 22 47
e 4 5 47
e 4 19 47
e 5 6 47
e 6 7 47
e 6 15 47
e 7 8 47
e 8 9 47
e 8 13 47
e 9 10 47
e 10 11 47
e 11 12 47
e 12 13 47
e 12 16 50
e 13 14 47
e 14 15 47
e 16 17 117
e 16 18 117
e 19 20 47
e 19 24 51
e 20 21 47
e 20 23 51
e 21 22 47
t # 119 
v 0 3
v 1 3
v 2 3
v 3 3
v 4 3
v 5 3
v 6 3
v 7 3
v 8 3
v 9 3
v 10 3
v 11 3
v 12 3
v 13 3
v 14 6
v 15 7
v 16 7
v 17 3
v 18 3
e 0 1 47
e 0 5 47
e 1 2 47
e 2 3 47
e 2 18 47
e 3 4 47
e 3 9 47
e 4 5 47
e 4 6 47
e 6 7 47
e 7 8 47
e 8 9 47
e 8 13 47
e 9 10 47
e 10 11 47
e 10 17 47
e 11 12 47
e 12 13 47
e 12 14 50
e 14 15 117
e 14 16 117
e 17 18 47
t # 12 
v 0 3
v 1 3
v 2 3
v 3 3
v 4 3
v 5 3
v 6 6
v 7 7
v 8 7
v 9 3
v 10 3
v 11 3
e 0 1 47
e 0 5 47
e 1 2 47
e 2 3 47
e 2 11 47
e 3 4 47
e 3 9 47
e 4 5 47
e 5 6 50
e 6 7 117
e 6 8 117
e 9 10 47
e 10 11 47
t # 120 
v 0 3
v 1 3
v 2 3
v 3 3
v 4 3
v 5 3
v 6 3
v 7 3
v 8 3
v 9 3
v 10 3
v 11 3
v 12 3
v 13 3
v 14 3
v 15 3
v 16 3
v 17 3
v 18 3
v 19 3
v 20 6
v 21 7
v 22 7
e 0 1 47
e 0 5 47
e 1 2 47
e 2 3 47
e 3 4 47
e 3 13 47
e 4 5 47
e 4 6 47
e 6 7 47
e 6 11 47
e 7 8 47
e 8 9 47
e 9 10 47
e 10 11 47
e 10 19 47
e 11 12 47
e 12 13 47
e 12 17 47
e 13 14 47
e 14 15 47
e 15 16 47
e 16 17 47
e 16 20 50
e 17 18 47
e 18 19 47
e 20 21 117
e 20 22 117
t # 121 
v 0 3
v 1 3
v 2 3
v 3 3
v 4 3
v 5 3
v 6 3
v 7 3
v 8 3
v 9 3
v 10 3
v 11 3
v 12 3
v 13 3
v 14 3
v 15 3
v 16 6
v 17 7
v 18 7
e 0 1 47
e 0 13 47
e 1 2 47
e 2 3 47
e 2 11 47
e 3 4 47
e 4 5 47
e 5 6 47
e 5 10 47
e 6 7 47
e 7 8 47
e 8 9 47
e 9 10 47
e 9 15 47
e 10 11 47
e 11 12 47
e 12 13 47
e 12 14 47
e 14 15 47
e 15 16 50
e 16 17 117
e 16 18 117
t # 122 
v 0 3
v 1 3
v 2 3
v 3 3
v 4 3
v 5 3
v 6 3
v 7 3
v 8 3
v 9 3
v 10 6
v 11 7
v 12 7
v 13 6
v 14 7
v 15 7
v 16 6
v 17 7
v 18 7
e 0 1 47
e 0 9 47
e 1 2 47
e 2 3 47
e 2 7 47
e 3 4 47
e 4 5 47
e 4 16 50
e 5 6 47
e 5 13 50
e 6 7 47
e 7 8 47
e 8 9 47
e 8 10 50
e 10 11 117
e 10 12 117
e 13 14 117
e 13 15 117
e 16 17 117
e 16 18 117
t # 123 
v 0 3
v 1 3
v 2 3
v 3 3
v 4 3
v 5 3
v 6 3
v 7 3
v 8 3
v 9 3
v 10 3
v 11 3
v 12 3
v 13 3
v 14 3
v 15 3
v 16 6
v 17 7
v 18 7
v 19 6
v 20 7
v 21 7
v 22 6
v 23 7
v 24 7
e 0 1 47
e 0 9 47
e 1 2 47
e 2 3 47
e 2 7 47
e 3 4 47
e 3 22 50
e 4 5 47
e 5 6 47
e 5 19 50
e 6 7 47
e 6 15 47
e 7 8 47
e 8 9 47
e 8 13 47
e 9 10 47
e 10 11 47
e 11 12 47
e 12 13 47
e 12 16 50
e 13 14 47
e 14 15 47
e 16 17 117
e 16 18 117
e 19 20 117
e 19 21 117
e 22 23 117
e 22 24 117
t # 124 
v 0 3
v 1 7
v 2 3
v 3 3
v 4 3
v 5 3
v 6 3
v 7 3
v 8 3
v 9 3
v 10 3
v 11 3
v 12 3
v 13 3
v 14 3
v 15 6
v 16 7
v 17 7
e 0 1 51
e 1 2 135
e 2 3 47
e 2 7 47
e 3 4 47
e 4 5 47
e 5 6 47
e 5 10 47
e 6 7 47
e 6 8 47
e 8 9 47
e 9 10 47
e 9 14 47
e 10 11 47
e 11 12 47
e 12 13 47
e 13 14 47
e 13 15 50
e 15 16 117
e 15 17 117
t # 125 
v 0 3
v 1 3
v 2 3
v 3 3
v 4 3
v 5 3
v 6 3
v 7 3
v 8 3
v 9 3
v 10 3
v 11 3
v 12 6
v 13 7
v 14 7
e 0 1 47
e 0 9 47
e 1 2 47
e 2 3 47
e 2 7 47
e 3 4 47
e 4 5 47
e 5 6 47
e 6 7 47
e 6 11 47
e 7 8 47
e 8 9 47
e 8 10 47
e 10 11 47
e 11 12 50
e 12 13 117
e 12 14 117
t # 126 
v 0 3
v 1 3
v 2 3
v 3 3
v 4 3
v 5 3
v 6 6
v 7 3
v 8 3
v 9 3
v 10 3
v 11 3
v 12 3
v 13 6
v 14 7
v 15 7
e 0 1 47
e 0 5 47
e 1 2 47
e 2 3 47
e 2 7 47
e 3 4 47
e 4 5 47
e 4 6 50
e 7 8 47
e 7 12 47
e 8 9 47
e 9 10 47
e 10 11 47
e 11 12 47
e 11 13 50
e 13 14 117
e 13 15 117
t # 127 
v 0 3
v 1 3
v 2 3
v 3 3
v 4 3
v 5 3
v 6 6
v 7 7
v 8 7
v 9 3
v 10 3
v 11 3
v 12 3
v 13 3
v 14 3
v 15 6
v 16 7
v 17 7
v 18 6
v 19 7
v 20 7
v 21 6
v 22 7
v 23 7
e 0 1 47
e 0 5 47
e 1 2 47
e 2 3 47
e 2 21 50
e 3 4 47
e 3 9 47
e 4 5 47
e 4 6 50
e 6 7 117
e 6 8 117
e 9 10 47
e 9 14 47
e 10 11 47
e 11 12 47
e 12 13 47
e 12 18 50
e 13 14 47
e 14 15 50
e 15 16 117
e 15 17 117
e 18 19 117
e 18 20 117
e 21 22 117
e 21 23 117
t # 128 
v 0 3
v 1 3
v 2 3
v 3 3
v 4 3
v 5 3
v 6 3
v 7 7
v 8 6
v 9 7
v 10 7
e 0 1 47
e 0 5 47
e 1 2 47
e 2 3 47
e 2 8 50
e 3 4 47
e 4 5 47
e 5 6 47
e 6 7 51
e 8 9 117
e 8 10 117
t # 129 
v 0 3
v 1 3
v 2 3
v 3 3
v 4 3
v 5 3
v 6 6
v 7 7
v 8 7
v 9 6
v 10 7
v 11 7
v 12 6
e 0 1 47
e 0 5 47
e 1 2 47
e 2 3 47
e 2 12 50
e 3 4 47
e 3 9 50
e 4 5 47
e 5 6 50
e 6 7 117
e 6 8 117
e 9 10 117
e 9 11 117
t # 13 
v 0 3
v 1 3
v 2 3
v 3 3
v 4 3
v 5 3
v 6 6
v 7 7
v 8 7
v 9 3
v 10 3
v 11 3
v 12 3
v 13 3
v 14 3
v 15 6
v 16 7
v 17 7
v 18 6
v 19 7
v 20 7
e 0 1 47
e 0 5 47
e 1 2 47
e 2 3 47
e 2 9 47
e 3 4 47
e 4 5 47
e 4 6 50
e 6 7 117
e 6 8 117
e 9 10 47
e 9 14 47
e 10 11 47
e 11 12 47
e 12 13 47
e 12 18 50
e 13 14 47
e 14 15 50
e 15 16 117
e 15 17 117
e 18 19 117
e 18 20 117
t # 130 
v 0 3
v 1 3
v 2 3
v 3 3
v 4 3
v 5 3
v 6 3
v 7 3
v 8 3
v 9 3
v 10 3
v 11 3
v 12 6
v 13 7
v 14 7
v 15 6
e 0 1 47
e 0 5 47
e 1 2 47
e 2 3 47
e 3 4 47
e 3 15 50
e 4 5 47
e 4 6 47
e 6 7 47
e 6 11 47
e 7 8 47
e 8 9 47
e 9 10 47
e 9 12 50
e 10 11 47
e 12 13 117
e 12 14 117
t # 131 
v 0 3
v 1 3
v 2 3
v 3 3
v 4 3
v 5 3
v 6 6
v 7 7
v 8 7
v 9 4
e 0 1 47
e 0 5 47
e 1 2 47
e 2 3 47
e 2 9 48
e 3 4 47
e 4 5 47
e 5 6 50
e 6 7 117
e 6 8 117
t # 132 
v 0 3
v 1 3
v 2 3
v 3 3
v 4 3
v 5 3
v 6 3
v 7 3
v 8 3
v 9 3
v 10 3
v 11 3
v 12 6
v 13 7
v 14 7
v 15 6
v 16 7
v 17 7
v 18 6
v 19 7
v 20 7
e 0 1 47
e 0 5 47
e 1 2 47
e 2 3 47
e 3 4 47
e 3 18 50
e 4 5 47
e 4 6 47
e 6 7 47
e 6 11 47
e 7 8 47
e 8 9 47
e 9 10 47
e 9 15 50
e 10 11 47
e 11 12 50
e 12 13 117
e 12 14 117
e 15 16 117
e 15 17 117
e 18 19 117
e 18 20 117
t # 133 
v 0 3
v 1 6
v 2 3
v 3 3
v 4 3
v 5 3
v 6 3
v 7 3
v 8 3
v 9 6
v 10 6
v 11 7
v 12 7
e 0 1 50
e 1 2 113
e 1 9 116
e 2 3 47
e 2 7 47
e 3 4 47
e 4 5 47
e 5 6 47
e 5 10 50
e 6 7 47
e 7 8 47
e 8 9 50
e 10 11 117
e 10 12 117
t # 134 
v 0 3
v 1 3
v 2 3
v 3 3
v 4 3
v 5 3
v 6 3
v 7 3
v 8 3
v 9 3
v 10 3
v 11 3
v 12 3
v 13 3
v 14 6
v 15 7
v 16 7
e 0 1 47
e 1 2 47
e 1 6 47
e 2 3 47
e 3 4 47
e 4 5 47
e 5 6 47
e 6 7 47
e 7 8 47
e 7 12 47
e 8 9 47
e 9 10 47
e 10 11 47
e 10 14 50
e 11 12 47
e 11 13 47
e 14 15 117
e 14 16 117
t # 135 
v 0 3
v 1 3
v 2 3
v 3 3
v 4 3
v 5 3
v 6 4
v 7 4
v 8 6
v 9 7
v 10 7
e 0 1 47
e 0 5 47
e 1 2 47
e 2 3 47
e 2 8 50
e 3 4 47
e 3 7 48
e 4 5 47
e 5 6 48
e 8 9 117
e 8 10 117
t # 136 
v 0 3
v 1 3
v 2 3
v 3 3
v 4 3
v 5 3
v 6 6
v 7 7
v 8 7
v 9 6
v 10 7
v 11 7
v 12 6
v 13 6
e 0 1 47
e 0 5 47
e 1 2 47
e 2 3 47
e 2 12 50
e 3 4 47
e 3 9 50
e 4 5 47
e 5 6 50
e 6 7 117
e 6 8 117
e 9 10 117
e 9 11 117
e 12 13 116
t # 137 
v 0 3
v 1 7
v 2 3
v 3 3
v 4 3
v 5 3
v 6 3
v 7 3
v 8 6
v 9 7
v 10 7
e 0 1 51
e 1 2 135
e 2 3 47
e 2 7 47
e 3 4 47
e 4 5 47
e 5 6 47
e 6 7 47
e 7 8 50
e 8 9 117
e 8 10 117
t # 138 
v 0 3
v 1 3
v 2 3
v 3 3
v 4 3
v 5 3
v 6 3
v 7 3
v 8 3
v 9 7
v 10 3
v 11 3
v 12 3
v 13 3
v 14 3
v 15 3
v 16 6
v 17 7
v 18 7
e 0 1 47
e 0 5 47
e 1 2 47
e 2 3 47
e 3 4 47
e 3 6 47
e 4 5 47
e 6 7 47
e 7 8 47
e 8 9 51
e 8 10 47
e 10 11 47
e 10 15 47
e 11 12 47
e 12 13 47
e 13 14 47
e 13 16 50
e 14 15 47
e 16 17 117
e 16 18 117
t # 139 
v 0 3
v 1 3
v 2 3
v 3 3
v 4 3
v 5 3
v 6 3
v 7 7
v 8 6
v 9 7
v 10 7
e 0 1 47
e 0 5 47
e 1 2 47
e 2 3 47
e 3 4 47
e 3 8 50
e 4 5 47
e 4 6 47
e 6 7 51
e 8 9 117
e 8 10 117
t # 14 
v 0 3
v 1 3
v 2 3
v 3 3
v 4 3
v 5 3
v 6 3
v 7 3
v 8 3
v 9 3
v 10 3
v 11 3
v 12 3
v 13 3
v 14 3
v 15 3
v 16 6
v 17 7
v 18 7
v 19 3
v 20 3
v 21 3
v 22 3
e 0 1 47
e 0 9 47
e 1 2 47
e 2 3 47
e 2 7 47
e 3 4 47
e 3 22 47
e 4 5 47
e 4 19 47
e 5 6 47
e 6 7 47
e 6 15 47
e 7 8 47
e 8 9 47
e 8 13 47
e 9 10 47
e 10 11 47
e 11 12 47
e 12 13 47
e 12 16 50
e 13 14 47
e 14 15 47
e 16 17 117
e 16 18 117
e 19 20 47
e 20 21 47
e 21 22 47
t # 140 
v 0 3
v 1 3
v 2 3
v 3 3
v 4 3
v 5 3
v 6 2
v 7 2
v 8 7
v 9 3
v 10 3
v 11 3
v 12 3
v 13 3
v 14 3
v 15 2
v 16 6
v 17 7
v 18 7
v 19 2
v 20 7
e 0 1 47
e 0 5 47
e 1 2 47
e 1 20 51
e 2 3 47
e 2 8 51
e 3 4 47
e 4 5 47
e 4 7 46
e 5 6 46
e 8 9 135
e 9 10 47
e 9 14 47
e 10 11 47
e 10 20 51
e 11 12 47
e 12 13 47
e 12 19 46
e 13 14 47
e 13 16 50
e 14 15 46
e 16 17 117
e 16 18 117
t # 141 
v 0 3
v 1 3
v 2 3
v 3 3
v 4 3
v 5 3
v 6 6
v 7 7
v 8 7
v 9 2
v 10 4
e 0 1 47
e 0 5 47
e 1 2 47
e 2 3 47
e 2 10 48
e 3 4 47
e 3 9 46
e 4 5 47
e 5 6 50
e 6 7 117
e 6 8 117
t # 142 
v 0 3
v 1 6
v 2 6
v 3 3
v 4 3
v 5 3
v 6 3
v 7 3
v 8 3
v 9 3
v 10 6
v 11 7
v 12 7
e 0 1 50
e 1 2 116
e 1 9 113
e 2 3 113
e 3 4 47
e 3 8 47
e 4 5 47
e 5 6 47
e 5 10 50
e 6 7 47
e 7 8 47
e 8 9 47
e 10 11 117
e 10 12 117
t # 143 
v 0 3
v 1 3
v 2 3
v 3 3
v 4 3
v 5 3
v 6 2
v 7 6
v 8 7
v 9 7
v 10 6
e 0 1 47
e 0 5 47
e 1 2 47
e 2 3 47
e 2 10 50
e 3 4 47
e 3 7 50
e 4 5 47
e 5 6 46
e 7 8 117
e 7 9 117
t # 144 
v 0 3
v 1 3
v 2 3
v 3 3
v 4 3
v 5 3
v 6 2
v 7 2
v 8 6
v 9 7
v 10 7
e 0 1 47
e 0 5 47
e 1 2 47
e 2 3 47
e 2 8 50
e 3 4 47
e 3 7 46
e 4 5 47
e 4 6 46
e 8 9 117
e 8 10 117
t # 145 
v 0 3
v 1 3
v 2 3
v 3 3
v 4 3
v 5 3
v 6 7
v 7 3
v 8 3
v 9 3
v 10 3
v 11 3
v 12 3
v 13 7
v 14 2
v 15 2
v 16 2
v 17 6
v 18 7
v 19 7
e 0 1 47
e 0 5 47
e 1 2 47
e 1 17 50
e 2 3 47
e 2 16 46
e 3 4 47
e 4 5 47
e 4 13 51
e 5 6 51
e 6 7 135
e 7 8 47
e 7 12 47
e 8 9 47
e 9 10 47
e 9 15 46
e 10 11 47
e 10 14 46
e 11 12 47
e 12 13 51
e 17 18 117
e 17 19 117
t # 146 
v 0 3
v 1 3
v 2 7
v 3 3
v 4 3
v 5 3
v 6 3
v 7 3
v 8 3
v 9 6
v 10 7
v 11 7
e 0 1 47
e 1 2 51
e 2 3 135
e 3 4 47
e 3 8 47
e 4 5 47
e 5 6 47
e 6 7 47
e 7 8 47
e 8 9 50
e 9 10 117
e 9 11 117
t # 147 
v 0 3
v 1 3
v 2 3
v 3 3
v 4 3
v 5 3
v 6 2
v 7 6
v 8 7
v 9 7
v 10 2
e 0 1 47
e 0 5 47
e 1 2 47
e 2 3 47
e 2 10 46
e 3 4 47
e 3 7 50
e 4 5 47
e 5 6 46
e 7 8 117
e 7 9 117
t # 148 
v 0 3
v 1 3
v 2 6
v 3 3
v 4 3
v 5 3
v 6 3
v 7 3
v 8 3
v 9 6
v 10 6
v 11 7
v 12 7
e 0 1 47
e 1 2 50
e 1 9 50
e 2 3 113
e 3 4 47
e 3 8 47
e 4 5 47
e 5 6 47
e 5 10 50
e 6 7 47
e 7 8 47
e 8 9 50
e 10 11 117
e 10 12 117
t # 149 
v 0 3
v 1 6
v 2 3
v 3 3
v 4 3
v 5 3
v 6 3
v 7 3
v 8 3
v 9 6
v 10 6
v 11 7
v 12 7
e 0 1 50
e 1 2 113
e 1 9 116
e 2 3 47
e 2 7 47
e 3 4 47
e 4 5 47
e 4 10 50
e 5 6 47
e 6 7 47
e 7 8 47
e 8 9 50
e 10 11 117
e 10 12 117
t # 15 
v 0 3
v 1 3
v 2 3
v 3 3
v 4 3
v 5 3
v 6 3
v 7 3
v 8 3
v 9 3
v 10 3
v 11 3
v 12 3
v 13 3
v 14 6
v 15 7
v 16 7
e 0 1 47
e 0 5 47
e 1 2 47
e 2 3 47
e 3 4 47
e 3 9 47
e 4 5 47
e 4 6 47
e 6 7 47
e 7 8 47
e 7 14 50
e 8 9 47
e 8 13 47
e 9 10 47
e 10 11 47
e 11 12 47
e 12 13 47
e 14 15 117
e 14 16 117
t # 150 
v 0 3
v 1 3
v 2 6
v 3 3
v 4 3
v 5 6
v 6 3
v 7 3
v 8 7
v 9 6
v 10 7
v 11 7
e 0 1 47
e 1 2 50
e 1 5 50
e 2 3 113
e 3 4 47
e 4 5 50
e 4 9 50
e 5 6 113
e 6 7 47
e 7 8 51
e 9 10 117
e 9 11 117
t # 151 
v 0 3
v 1 3
v 2 3
v 3 3
v 4 6
v 5 3
v 6 6
v 7 6
v 8 7
v 9 7
v 10 3
v 11 3
e 0 1 47
e 0 11 47
e 1 2 47
e 2 3 47
e 2 6 50
e 3 4 50
e 3 10 47
e 4 5 113
e 5 6 50
e 5 7 50
e 7 8 117
e 7 9 117
e 10 11 47
t # 152 
v 0 3
v 1 7
v 2 3
v 3 3
v 4 3
v 5 3
v 6 3
v 7 3
v 8 6
v 9 7
v 10 7
v 11 6
v 12 7
v 13 7
e 0 1 51
e 1 2 135
e 2 3 47
e 2 7 47
e 3 4 47
e 4 5 47
e 5 6 47
e 5 11 50
e 6 7 47
e 7 8 50
e 8 9 117
e 8 10 117
e 11 12 117
e 11 13 117
t # 153 
v 0 3
v 1 3
v 2 3
v 3 3
v 4 3
v 5 3
v 6 6
v 7 7
v 8 7
v 9 6
v 10 3
v 11 3
e 0 1 47
e 0 5 47
e 1 2 47
e 2 3 47
e 2 11 47
e 3 4 47
e 3 9 50
e 4 5 47
e 5 6 50
e 6 7 117
e 6 8 117
e 9 10 113
e 10 11 47
t # 154 
v 0 3
v 1 3
v 2 3
v 3 3
v 4 3
v 5 3
v 6 6
v 7 7
v 8 7
v 9 6
v 10 1
v 11 6
v 12 7
v 13 7
e 0 1 47
e 0 5 47
e 1 2 47
e 1 11 50
e 2 3 47
e 3 4 47
e 3 10 45
e 4 5 47
e 4 9 50
e 5 6 50
e 6 7 117
e 6 8 117
e 11 12 117
e 11 13 117
t # 155 
v 0 3
v 1 7
v 2 3
v 3 3
v 4 3
v 5 3
v 6 3
v 7 3
v 8 6
v 9 7
v 10 7
e 0 1 51
e 1 2 135
e 2 3 47
e 2 7 47
e 3 4 47
e 4 5 47
e 5 6 47
e 5 8 50
e 6 7 47
e 8 9 117
e 8 10 117
t # 156 
v 0 3
v 1 3
v 2 3
v 3 3
v 4 3
v 5 3
v 6 2
v 7 2
v 8 7
v 9 3
v 10 3
v 11 3
v 12 3
v 13 3
v 14 3
v 15 2
v 16 2
v 17 6
v 18 7
v 19 7
v 20 2
v 21 7
e 0 1 47
e 0 5 47
e 1 2 47
e 1 21 51
e 2 3 47
e 2 8 51
e 3 4 47
e 4 5 47
e 4 7 46
e 5 6 46
e 8 9 135
e 9 10 47
e 9 14 47
e 10 11 47
e 10 21 51
e 11 12 47
e 11 20 46
e 12 13 47
e 12 17 50
e 13 14 47
e 13 16 46
e 14 15 46
e 17 18 117
e 17 19 117
t # 157 
v 0 3
v 1 3
v 2 3
v 3 3
v 4 3
v 5 3
v 6 3
v 7 3
v 8 3
v 9 7
v 10 3
v 11 3
v 12 3
v 13 3
v 14 3
v 15 3
v 16 6
v 17 7
v 18 7
v 19 6
v 20 7
v 21 7
e 0 1 47
e 0 5 47
e 1 2 47
e 2 3 47
e 2 19 50
e 3 4 47
e 4 5 47
e 5 6 47
e 6 7 47
e 7 8 47
e 8 9 51
e 8 10 47
e 10 11 47
e 10 15 47
e 11 12 47
e 12 13 47
e 13 14 47
e 13 16 50
e 14 15 47
e 16 17 117
e 16 18 117
e 19 20 117
e 19 21 117
t # 158 
v 0 3
v 1 3
v 2 3
v 3 3
v 4 3
v 5 3
v 6 6
v 7 6
v 8 7
v 9 7
v 10 6
e 0 1 47
e 0 5 47
e 1 2 47
e 2 3 47
e 2 10 50
e 3 4 47
e 3 7 50
e 4 5 47
e 4 6 50
e 7 8 117
e 7 9 117
t # 159 
v 0 3
v 1 3
v 2 3
v 3 3
v 4 3
v 5 3
v 6 6
v 7 6
v 8 7
v 9 7
v 10 6
e 0 1 47
e 0 5 47
e 1 2 47
e 2 3 47
e 2 10 50
e 3 4 47
e 3 7 50
e 4 5 47
e 5 6 50
e 7 8 117
e 7 9 117
t # 16 
v 0 3
v 1 3
v 2 3
v 3 3
v 4 3
v 5 3
v 6 3
v 7 3
v 8 3
v 9 3
v 10 3
v 11 3
v 12 3
v 13 3
v 14 3
v 15 3
v 16 6
v 17 7
v 18 7
v 19 6
v 20 7
v 21 7
v 22 6
v 23 7
v 24 7
e 0 1 47
e 0 5 47
e 1 2 47
e 2 3 47
e 3 4 47
e 3 12 47
e 4 5 47
e 4 6 47
e 6 7 47
e 6 11 47
e 7 8 47
e 8 9 47
e 8 22 50
e 9 10 47
e 10 11 47
e 10 15 47
e 11 12 47
e 12 13 47
e 13 14 47
e 13 19 50
e 14 15 47
e 14 16 50
e 16 17 117
e 16 18 117
e 19 20 117
e 19 21 117
e 22 23 117
e 22 24 117
t # 160 
v 0 3
v 1 3
v 2 3
v 3 3
v 4 3
v 5 3
v 6 3
v 7 3
v 8 3
v 9 3
v 10 6
v 11 6
v 12 7
v 13 7
e 0 1 47
e 1 2 47
e 1 10 50
e 2 3 47
e 3 4 47
e 4 5 47
e 4 9 47
e 5 6 47
e 6 7 47
e 7 8 47
e 8 9 47
e 8 11 50
e 9 10 50
e 11 12 117
e 11 13 117
t # 161 
v 0 3
v 1 3
v 2 3
v 3 3
v 4 3
v 5 3
v 6 4
v 7 6
v 8 7
v 9 7
v 10 6
v 11 7
v 12 7
e 0 1 47
e 0 5 47
e 1 2 47
e 2 3 47
e 2 10 50
e 3 4 47
e 3 7 50
e 4 5 47
e 5 6 48
e 7 8 117
e 7 9 117
e 10 11 117
e 10 12 117
t # 162 
v 0 3
v 1 3
v 2 3
v 3 3
v 4 3
v 5 3
v 6 6
v 7 7
v 8 7
v 9 3
v 10 3
v 11 6
e 0 1 47
e 0 5 47
e 1 2 47
e 2 3 47
e 2 11 50
e 3 4 47
e 3 9 47
e 4 5 47
e 5 6 50
e 6 7 117
e 6 8 117
e 9 10 47
e 10 11 50
t # 163 
v 0 3
v 1 3
v 2 3
v 3 3
v 4 6
v 5 3
v 6 3
v 7 3
v 8 3
v 9 3
v 10 3
v 11 3
v 12 3
v 13 6
v 14 7
v 15 7
e 0 1 47
e 0 12 47
e 1 2 47
e 2 3 47
e 3 4 50
e 3 11 47
e 4 5 113
e 5 6 47
e 5 10 47
e 6 7 47
e 7 8 47
e 8 9 47
e 8 13 50
e 9 10 47
e 10 11 47
e 11 12 47
e 13 14 117
e 13 15 117
t # 164 
v 0 3
v 1 3
v 2 3
v 3 3
v 4 3
v 5 3
v 6 3
v 7 3
v 8 6
v 9 3
v 10 6
v 11 7
v 12 7
e 0 1 47
e 0 9 47
e 1 2 47
e 2 3 47
e 2 7 47
e 3 4 47
e 4 5 47
e 4 10 50
e 5 6 47
e 6 7 47
e 7 8 50
e 8 9 113
e 10 11 117
e 10 12 117
t # 165 
v 0 3
v 1 3
v 2 3
v 3 3
v 4 3
v 5 3
v 6 6
v 7 3
v 8 3
v 9 3
v 10 6
v 11 7
v 12 7
e 0 1 47
e 0 9 47
e 1 2 47
e 2 3 47
e 2 7 47
e 3 4 47
e 4 5 47
e 5 6 50
e 6 7 113
e 7 8 47
e 8 9 47
e 8 10 50
e 10 11 117
e 10 12 117
t # 166 
v 0 3
v 1 3
v 2 3
v 3 3
v 4 3
v 5 3
v 6 3
v 7 3
v 8 3
v 9 3
v 10 6
v 11 7
v 12 7
e 0 1 47
e 0 9 47
e 1 2 47
e 2 3 47
e 3 4 47
e 3 8 47
e 4 5 47
e 5 6 47
e 5 10 50
e 6 7 47
e 7 8 47
e 8 9 47
e 10 11 117
e 10 12 117
t # 167 
v 0 3
v 1 3
v 2 3
v 3 3
v 4 3
v 5 3
v 6 3
v 7 3
v 8 3
v 9 3
v 10 3
v 11 6
v 12 7
v 13 7
e 0 1 47
e 1 2 47
e 1 10 47
e 2 3 47
e 3 4 47
e 3 8 47
e 4 5 47
e 5 6 47
e 6 7 47
e 7 8 47
e 8 9 47
e 9 10 47
e 10 11 50
e 11 12 117
e 11 13 117
t # 168 
v 0 3
v 1 3
v 2 3
v 3 3
v 4 3
v 5 3
v 6 3
v 7 3
v 8 3
v 9 3
v 10 3
v 11 3
v 12 6
v 13 7
v 14 7
e 0 1 47
e 0 5 47
e 1 2 47
e 2 3 47
e 3 4 47
e 3 6 47
e 4 5 47
e 6 7 47
e 6 11 47
e 7 8 47
e 8 9 47
e 9 10 47
e 9 12 50
e 10 11 47
e 12 13 117
e 12 14 117
t # 169 
v 0 3
v 1 7
v 2 3
v 3 3
v 4 3
v 5 3
v 6 3
v 7 3
v 8 6
v 9 3
v 10 3
v 11 3
v 12 6
v 13 7
v 14 7
e 0 1 51
e 1 2 135
e 2 3 47
e 2 11 47
e 3 4 47
e 4 5 47
e 4 9 47
e 5 6 47
e 6 7 47
e 7 8 50
e 8 9 113
e 9 10 47
e 10 11 47
e 10 12 50
e 12 13 117
e 12 14 117
t # 17 
v 0 3
v 1 3
v 2 3
v 3 3
v 4 3
v 5 3
v 6 3
v 7 3
v 8 3
v 9 3
v 10 3
v 11 3
v 12 3
v 13 3
v 14 3
v 15 3
v 16 3
v 17 3
v 18 6
v 19 7
v 20 7
e 0 1 47
e 0 5 47
e 1 2 47
e 2 3 47
e 3 4 47
e 3 9 47
e 4 5 47
e 4 6 47
e 6 7 47
e 7 8 47
e 8 9 47
e 8 13 47
e 9 10 47
e 10 11 47
e 11 12 47
e 11 18 50
e 12 13 47
e 12 17 47
e 13 14 47
e 14 15 47
e 15 16 47
e 16 17 47
e 18 19 117
e 18 20 117
t # 170 
v 0 3
v 1 3
v 2 3
v 3 3
v 4 3
v 5 3
v 6 3
v 7 6
v 8 3
v 9 3
v 10 6
v 11 7
v 12 7
e 0 1 47
e 0 9 47
e 1 2 47
e 2 3 47
e 2 7 50
e 3 4 47
e 3 8 47
e 4 5 47
e 5 6 47
e 6 7 50
e 8 9 47
e 8 10 50
e 10 11 117
e 10 12 117
t # 171 
v 0 3
v 1 3
v 2 3
v 3 3
v 4 3
v 5 3
v 6 3
v 7 3
v 8 3
v 9 3
v 10 6
v 11 7
v 12 7
e 0 1 47
e 0 5 47
e 1 2 47
e 2 3 47
e 3 4 47
e 3 9 47
e 4 5 47
e 4 6 47
e 6 7 47
e 7 8 47
e 8 9 47
e 9 10 50
e 10 11 117
e 10 12 117
t # 172 
v 0 3
v 1 6
v 2 3
v 3 3
v 4 3
v 5 3
v 6 3
v 7 3
v 8 3
v 9 6
v 10 6
v 11 7
v 12 7
e 0 1 50
e 1 2 113
e 1 9 116
e 2 3 47
e 3 4 47
e 3 8 47
e 4 5 47
e 5 6 47
e 5 10 50
e 6 7 47
e 7 8 47
e 8 9 50
e 10 11 117
e 10 12 117
t # 173 
v 0 3
v 1 3
v 2 3
v 3 3
v 4 3
v 5 3
v 6 3
v 7 3
v 8 3
v 9 3
v 10 3
v 11 6
v 12 7
v 13 7
e 0 1 47
e 1 2 47
e 1 10 47
e 2 3 47
e 2 7 47
e 3 4 47
e 4 5 47
e 5 6 47
e 6 7 47
e 7 8 47
e 8 9 47
e 9 10 47
e 10 11 50
e 11 12 117
e 11 13 117
t # 174 
v 0 3
v 1 3
v 2 3
v 3 3
v 4 3
v 5 3
v 6 4
v 7 6
v 8 7
v 9 7
v 10 4
e 0 1 47
e 0 5 47
e 1 2 47
e 2 3 47
e 2 10 48
e 3 4 47
e 3 7 50
e 4 5 47
e 5 6 48
e 7 8 117
e 7 9 117
t # 175 
v 0 3
v 1 3
v 2 3
v 3 3
v 4 3
v 5 3
v 6 6
v 7 7
v 8 7
v 9 7
v 10 6
e 0 1 47
e 0 5 47
e 1 2 47
e 2 3 47
e 2 10 50
e 3 4 47
e 3 9 51
e 4 5 47
e 5 6 50
e 6 7 117
e 6 8 117
t # 176 
v 0 3
v 1 3
v 2 3
v 3 3
v 4 3
v 5 3
v 6 3
v 7 3
v 8 3
v 9 3
v 10 6
v 11 7
v 12 7
v 13 6
v 14 7
v 15 7
e 0 1 47
e 0 5 47
e 1 2 47
e 2 3 47
e 3 4 47
e 3 9 47
e 4 5 47
e 4 6 47
e 6 7 47
e 7 8 47
e 7 13 50
e 8 9 47
e 9 10 50
e 10 11 117
e 10 12 117
e 13 14 117
e 13 15 117
t # 177 
v 0 3
v 1 3
v 2 3
v 3 3
v 4 3
v 5 3
v 6 6
v 7 7
v 8 7
v 9 3
v 10 3
v 11 3
v 12 3
v 13 3
v 14 3
v 15 6
e 0 1 47
e 0 5 47
e 1 2 47
e 2 3 47
e 2 9 47
e 3 4 47
e 4 5 47
e 4 6 50
e 6 7 117
e 6 8 117
e 9 10 47
e 9 14 47
e 10 11 47
e 11 12 47
e 12 13 47
e 12 15 50
e 13 14 47
t # 178 
v 0 3
v 1 3
v 2 3
v 3 3
v 4 3
v 5 3
v 6 6
v 7 7
v 8 7
v 9 3
v 10 7
v 11 3
v 12 7
v 13 6
e 0 1 47
e 0 5 47
e 1 2 47
e 2 3 47
e 2 13 50
e 3 4 47
e 3 9 47
e 4 5 47
e 5 6 50
e 6 7 117
e 6 8 117
e 9 10 51
e 9 11 47
e 11 12 51
e 11 13 50
t # 179 
v 0 3
v 1 3
v 2 3
v 3 3
v 4 3
v 5 3
v 6 3
v 7 3
v 8 3
v 9 3
v 10 3
v 11 3
v 12 6
v 13 6
v 14 7
v 15 7
e 0 1 47
e 0 5 47
e 1 2 47
e 2 3 47
e 3 4 47
e 3 13 50
e 4 5 47
e 4 6 47
e 6 7 47
e 6 11 47
e 7 8 47
e 8 9 47
e 9 10 47
e 10 11 47
e 10 12 50
e 13 14 117
e 13 15 117
t # 18 
v 0 3
v 1 3
v 2 3
v 3 3
v 4 3
v 5 3
v 6 3
v 7 3
v 8 3
v 9 3
v 10 3
v 11 3
v 12 3
v 13 3
v 14 3
v 15 3
v 16 6
v 17 7
v 18 7
e 0 1 47
e 0 13 47
e 1 2 47
e 2 3 47
e 2 11 47
e 3 4 47
e 4 5 47
e 5 6 47
e 5 10 47
e 6 7 47
e 7 8 47
e 7 16 50
e 8 9 47
e 9 10 47
e 9 15 47
e 10 11 47
e 11 12 47
e 12 13 47
e 12 14 47
e 14 15 47
e 16 17 117
e 16 18 117
t # 180 
v 0 3
v 1 3
v 2 3
v 3 3
v 4 3
v 5 3
v 6 6
v 7 7
v 8 7
v 9 2
e 0 1 47
e 0 5 47
e 1 2 47
e 2 3 47
e 3 4 47
e 3 9 46
e 4 5 47
e 4 6 50
e 6 7 117
e 6 8 117
t # 181 
v 0 3
v 1 3
v 2 3
v 3 3
v 4 3
v 5 3
v 6 3
v 7 3
v 8 3
v 9 3
v 10 3
v 11 3
v 12 6
v 13 7
v 14 7
v 15 6
e 0 1 47
e 0 5 47
e 1 2 47
e 2 3 47
e 3 4 47
e 3 15 50
e 4 5 47
e 4 6 47
e 6 7 47
e 6 11 47
e 7 8 47
e 8 9 47
e 9 10 47
e 10 11 47
e 10 12 50
e 12 13 117
e 12 14 117
t # 182 
v 0 3
v 1 3
v 2 3
v 3 3
v 4 3
v 5 3
v 6 3
v 7 3
v 8 3
v 9 3
v 10 3
v 11 3
v 12 3
v 13 6
v 14 7
v 15 7
e 0 1 47
e 1 2 47
e 1 6 47
e 2 3 47
e 3 4 47
e 4 5 47
e 5 6 47
e 6 7 47
e 7 8 47
e 7 12 47
e 8 9 47
e 9 10 47
e 10 11 47
e 10 13 50
e 11 12 47
e 13 14 117
e 13 15 117
t # 183 
v 0 3
v 1 3
v 2 3
v 3 3
v 4 3
v 5 3
v 6 3
v 7 6
v 8 7
v 9 7
v 10 3
v 11 3
v 12 3
v 13 3
v 14 3
v 15 3
e 0 1 47
e 1 2 47
e 1 6 47
e 2 3 47
e 3 4 47
e 3 10 47
e 4 5 47
e 5 6 47
e 6 7 50
e 7 8 117
e 7 9 117
e 10 11 47
e 10 15 47
e 11 12 47
e 12 13 47
e 13 14 47
e 14 15 47
t # 184 
v 0 3
v 1 3
v 2 3
v 3 3
v 4 3
v 5 3
v 6 3
v 7 3
v 8 6
v 9 7
v 10 7
e 0 1 47
e 1 2 47
e 2 3 47
e 2 7 47
e 3 4 47
e 4 5 47
e 5 6 47
e 5 8 50
e 6 7 47
e 8 9 117
e 8 10 117
t # 185 
v 0 3
v 1 3
v 2 7
v 3 3
v 4 3
v 5 3
v 6 3
v 7 3
v 8 3
v 9 6
v 10 7
v 11 7
e 0 1 47
e 1 2 51
e 1 3 47
e 3 4 47
e 3 8 47
e 4 5 47
e 5 6 47
e 6 7 47
e 6 9 50
e 7 8 47
e 9 10 117
e 9 11 117
t # 186 
v 0 3
v 1 6
v 2 3
v 3 3
v 4 3
v 5 3
v 6 3
v 7 3
v 8 6
v 9 7
v 10 7
v 11 3
v 12 6
e 0 1 50
e 1 2 113
e 1 12 116
e 2 3 47
e 2 7 47
e 3 4 47
e 3 11 47
e 4 5 47
e 5 6 47
e 6 7 47
e 7 8 50
e 8 9 117
e 8 10 117
e 11 12 50
t # 187 
v 0 3
v 1 3
v 2 3
v 3 3
v 4 6
v 5 3
v 6 3
v 7 3
v 8 3
v 9 3
v 10 6
v 11 7
v 12 7
e 0 1 47
e 0 9 47
e 1 2 47
e 2 3 47
e 2 7 47
e 3 4 50
e 4 5 113
e 5 6 47
e 6 7 47
e 7 8 47
e 8 9 47
e 8 10 50
e 10 11 117
e 10 12 117
t # 188 
v 0 3
v 1 3
v 2 3
v 3 6
v 4 3
v 5 6
v 6 3
v 7 3
v 8 3
v 9 6
v 10 7
v 11 7
e 0 1 47
e 0 8 47
e 1 2 47
e 2 3 50
e 2 6 47
e 3 4 113
e 4 5 50
e 5 6 113
e 6 7 47
e 7 8 47
e 8 9 50
e 9 10 117
e 9 11 117
t # 19 
v 0 3
v 1 3
v 2 3
v 3 3
v 4 3
v 5 3
v 6 6
v 7 7
v 8 7
v 9 6
v 10 3
v 11 3
v 12 3
v 13 3
v 14 3
v 15 3
v 16 6
v 17 6
v 18 7
v 19 7
e 0 1 47
e 0 5 47
e 1 2 47
e 2 3 47
e 2 16 50
e 3 4 47
e 3 9 50
e 4 5 47
e 4 6 50
e 6 7 117
e 6 8 117
e 9 10 113
e 10 11 47
e 10 15 47
e 11 12 47
e 12 13 47
e 13 14 47
e 13 17 50
e 14 15 47
e 15 16 50
e 17 18 117
e 17 19 117
t # 2 
v 0 3
v 1 3
v 2 3
v 3 3
v 4 3
v 5 3
v 6 3
v 7 7
v 8 3
v 9 3
v 10 3
v 11 3
v 12 3
v 13 3
v 14 6
v 15 7
v 16 7
v 17 6
v 18 7
v 19 7
v 20 6
v 21 7
v 22 7
v 23 6
v 24 7
v 25 7
e 0 1 47
e 0 5 47
e 1 2 47
e 1 23 50
e 2 3 47
e 3 4 47
e 3 20 50
e 4 5 47
e 4 9 47
e 5 6 47
e 6 7 51
e 6 8 47
e 8 9 47
e 8 13 47
e 9 10 47
e 10 11 47
e 10 17 50
e 11 12 47
e 12 13 47
e 12 14 50
e 14 15 117
e 14 16 117
e 17 18 117
e 17 19 117
e 20 21 117
e 20 22 117
e 23 24 117
e 23 25 117
t # 20 
v 0 3
v 1 3
v 2 3
v 3 3
v 4 3
v 5 3
v 6 6
v 7 7
v 8 7
v 9 3
v 10 3
v 11 3
v 12 3
v 13 3
v 14 3
v 15 6
v 16 7
v 17 7
v 18 6
v 19 7
v 20 7
e 0 1 47
e 0 5 47
e 1 2 47
e 2 3 47
e 2 9 47
e 3 4 47
e 4 5 47
e 4 6 50
e 6 7 117
e 6 8 117
e 9 10 47
e 9 14 47
e 10 11 47
e 11 12 47
e 12 13 47
e 12 18 50
e 13 14 47
e 13 15 50
e 15 16 117
e 15 17 117
e 18 19 117
e 18 20 117
t # 21 
v 0 3
v 1 3
v 2 3
v 3 3
v 4 3
v 5 3
v 6 3
v 7 3
v 8 3
v 9 3
v 10 6
v 11 7
v 12 7
v 13 3
v 14 3
e 0 1 47
e 0 9 47
e 1 2 47
e 2 3 47
e 2 14 47
e 3 4 47
e 3 8 47
e 4 5 47
e 4 13 47
e 5 6 47
e 6 7 47
e 7 8 47
e 7 10 50
e 8 9 47
e 10 11 117
e 10 12 117
e 13 14 47
t # 22 
v 0 3
v 1 3
v 2 3
v 3 3
v 4 3
v 5 3
v 6 3
v 7 3
v 8 3
v 9 3
v 10 3
v 11 3
v 12 3
v 13 3
v 14 3
v 15 3
v 16 6
v 17 6
v 18 7
v 19 7
e 0 1 47
e 0 9 47
e 1 2 47
e 2 3 47
e 2 7 47
e 3 4 47
e 4 5 47
e 5 6 47
e 5 17 50
e 6 7 47
e 6 15 47
e 7 8 47
e 8 9 47
e 8 13 47
e 9 10 47
e 10 11 47
e 11 12 47
e 12 13 47
e 12 16 50
e 13 14 47
e 14 15 47
e 17 18 117
e 17 19 117
t # 23 
v 0 3
v 1 3
v 2 3
v 3 3
v 4 3
v 5 3
v 6 3
v 7 3
v 8 3
v 9 3
v 10 3
v 11 3
v 12 3
v 13 3
v 14 3
v 15 3
v 16 6
v 17 7
v 18 7
v 19 6
v 20 7
v 21 7
e 0 1 47
e 0 9 47
e 1 2 47
e 2 3 47
e 2 7 47
e 3 4 47
e 4 5 47
e 4 19 50
e 5 6 47
e 6 7 47
e 6 15 47
e 7 8 47
e 8 9 47
e 8 13 47
e 9 10 47
e 10 11 47
e 11 12 47
e 11 16 50
e 12 13 47
e 13 14 47
e 14 15 47
e 16 17 117
e 16 18 117
e 19 20 117
e 19 21 117
t # 24 
v 0 3
v 1 3
v 2 3
v 3 3
v 4 3
v 5 3
v 6 3
v 7 3
v 8 3
v 9 3
v 10 3
v 11 3
v 12 3
v 13 3
v 14 3
v 15 3
v 16 7
v 17 6
v 18 7
v 19 7
e 0 1 47
e 0 13 47
e 1 2 47
e 2 3 47
e 2 11 47
e 3 4 47
e 4 5 47
e 5 6 47
e 5 10 47
e 6 7 47
e 6 17 50
e 7 8 47
e 8 9 47
e 8 16 51
e 9 10 47
e 9 15 47
e 10 11 47
e 11 12 47
e 12 13 47
e 12 14 47
e 14 15 47
e 17 18 117
e 17 19 117
t # 25 
v 0 3
v 1 3
v 2 3
v 3 3
v 4 3
v 5 3
v 6 3
v 7 3
v 8 3
v 9 3
v 10 3
v 11 3
v 12 3
v 13 3
v 14 3
v 15 3
v 16 6
v 17 7
v 18 7
v 19 6
v 20 7
v 21 7
e 0 1 47
e 0 5 47
e 1 2 47
e 2 3 47
e 3 4 47
e 3 12 47
e 4 5 47
e 4 6 47
e 6 7 47
e 6 11 47
e 7 8 47
e 8 9 47
e 9 10 47
e 10 11 47
e 10 15 47
e 11 12 47
e 12 13 47
e 13 14 47
e 14 15 47
e 14 19 50
e 15 16 50
e 16 17 117
e 16 18 117
e 19 20 117
e 19 21 117
t # 26 
v 0 3
v 1 3
v 2 3
v 3 3
v 4 3
v 5 3
v 6 3
v 7 3
v 8 3
v 9 3
v 10 3
v 11 3
v 12 3
v 13 3
v 14 3
v 15 3
v 16 6
v 17 7
v 18 7
v 19 6
v 20 7
v 21 7
e 0 1 47
e 0 5 47
e 1 2 47
e 2 3 47
e 3 4 47
e 3 12 47
e 4 5 47
e 4 6 47
e 6 7 47
e 6 11 47
e 7 8 47
e 8 9 47
e 9 10 47
e 9 19 50
e 10 11 47
e 10 15 47
e 11 12 47
e 12 13 47
e 13 14 47
e 14 15 47
e 14 16 50
e 16 17 117
e 16 18 117
e 19 20 117
e 19 21 117
t # 27 
v 0 3
v 1 3
v 2 3
v 3 3
v 4 3
v 5 3
v 6 3
v 7 3
v 8 3
v 9 3
v 10 6
v 11 7
v 12 7
v 13 6
v 14 7
v 15 7
e 0 1 47
e 0 9 47
e 1 2 47
e 2 3 47
e 2 7 47
e 3 4 47
e 4 5 47
e 5 6 47
e 6 7 47
e 6 13 50
e 7 8 47
e 8 9 47
e 8 10 50
e 10 11 117
e 10 12 117
e 13 14 117
e 13 15 117
t # 28 
v 0 3
v 1 3
v 2 3
v 3 3
v 4 3
v 5 3
v 6 6
v 7 3
v 8 3
v 9 3
v 10 3
v 11 3
v 12 3
v 13 6
v 14 7
v 15 7
e 0 1 47
e 0 5 47
e 1 2 47
e 2 3 47
e 2 7 47
e 3 4 47
e 4 5 47
e 4 6 50
e 7 8 47
e 7 12 47
e 8 9 47
e 9 10 47
e 10 11 47
e 10 13 50
e 11 12 47
e 13 14 117
e 13 15 117
t # 29 
v 0 3
v 1 3
v 2 3
v 3 3
v 4 3
v 5 3
v 6 3
v 7 3
v 8 3
v 9 3
v 10 3
v 11 3
v 12 6
v 13 7
v 14 7
v 15 6
e 0 1 47
e 0 5 47
e 1 2 47
e 2 3 47
e 2 15 50
e 3 4 47
e 4 5 47
e 5 6 47
e 6 7 47
e 6 11 47
e 7 8 47
e 8 9 47
e 9 10 47
e 9 12 50
e 10 11 47
e 12 13 117
e 12 14 117
t # 3 
v 0 3
v 1 3
v 2 3
v 3 3
v 4 3
v 5 3
v 6 3
v 7 3
v 8 3
v 9 3
v 10 3
v 11 3
v 12 3
v 13 3
v 14 3
v 15 3
v 16 6
v 17 7
v 18 7
e 0 1 47
e 0 13 47
e 1 2 47
e 2 3 47
e 2 11 47
e 3 4 47
e 4 5 47
e 5 6 47
e 5 10 47
e 6 7 47
e 7 8 47
e 7 16 50
e 8 9 47
e 9 10 47
e 9 15 47
e 10 11 47
e 11 12 47
e 12 13 47
e 12 14 47
e 14 15 47
e 16 17 117
e 16 18 117
t # 30 
v 0 3
v 1 3
v 2 3
v 3 3
v 4 3
v 5 3
v 6 3
v 7 3
v 8 3
v 9 3
v 10 3
v 11 3
v 12 6
v 13 7
v 14 7
e 0 1 47
e 0 9 47
e 1 2 47
e 2 3 47
e 2 7 47
e 3 4 47
e 4 5 47
e 5 6 47
e 5 12 50
e 6 7 47
e 6 11 47
e 7 8 47
e 8 9 47
e 8 10 47
e 10 11 47
e 12 13 117
e 12 14 117
t # 31 
v 0 3
v 1 3
v 2 3
v 3 3
v 4 3
v 5 3
v 6 6
v 7 7
v 8 7
v 9 6
v 10 3
v 11 3
v 12 3
v 13 3
v 14 3
v 15 3
v 16 6
v 17 6
v 18 7
v 19 7
e 0 1 47
e 0 5 47
e 1 2 47
e 2 3 47
e 2 16 50
e 3 4 47
e 3 9 50
e 4 5 47
e 5 6 50
e 6 7 117
e 6 8 117
e 9 10 113
e 10 11 47
e 10 15 47
e 11 12 47
e 12 13 47
e 13 14 47
e 13 17 50
e 14 15 47
e 15 16 50
e 17 18 117
e 17 19 117
t # 32 
v 0 3
v 1 3
v 2 3
v 3 3
v 4 6
v 5 6
v 6 3
v 7 3
v 8 3
v 9 6
v 10 7
v 11 7
e 0 1 47
e 0 8 47
e 1 2 47
e 2 3 47
e 2 6 47
e 3 4 50
e 4 5 116
e 5 6 113
e 6 7 47
e 7 8 47
e 7 9 50
e 9 10 117
e 9 11 117
t # 33 
v 0 3
v 1 3
v 2 3
v 3 3
v 4 3
v 5 3
v 6 3
v 7 3
v 8 3
v 9 3
v 10 3
v 11 3
v 12 3
v 13 3
v 14 3
v 15 3
v 16 6
v 17 7
v 18 7
v 19 6
v 20 7
v 21 7
e 0 1 47
e 0 5 47
e 1 2 47
e 2 3 47
e 3 4 47
e 3 12 47
e 4 5 47
e 4 6 47
e 6 7 47
e 6 11 47
e 7 8 47
e 8 9 47
e 8 19 50
e 9 10 47
e 10 11 47
e 10 15 47
e 11 12 47
e 12 13 47
e 13 14 47
e 14 15 47
e 14 16 50
e 16 17 117
e 16 18 117
e 19 20 117
e 19 21 117
t # 34 
v 0 3
v 1 3
v 2 3
v 3 3
v 4 3
v 5 3
v 6 3
v 7 3
v 8 3
v 9 3
v 10 6
v 11 7
v 12 7
v 13 3
v 14 3
e 0 1 47
e 0 9 47
e 1 2 47
e 2 3 47
e 2 14 47
e 3 4 47
e 3 8 47
e 4 5 47
e 4 13 47
e 5 6 47
e 6 7 47
e 7 8 47
e 7 10 50
e 8 9 47
e 10 11 117
e 10 12 117
e 13 14 47
t # 35 
v 0 3
v 1 3
v 2 3
v 3 3
v 4 3
v 5 3
v 6 3
v 7 3
v 8 3
v 9 3
v 10 3
v 11 3
v 12 3
v 13 3
v 14 3
v 15 3
v 16 7
v 17 6
v 18 7
v 19 7
e 0 1 47
e 0 9 47
e 1 2 47
e 2 3 47
e 2 7 47
e 3 4 47
e 3 17 50
e 4 5 47
e 5 6 47
e 6 7 47
e 6 15 47
e 7 8 47
e 8 9 47
e 8 13 47
e 9 10 47
e 10 11 47
e 11 12 47
e 12 13 47
e 12 16 51
e 13 14 47
e 14 15 47
e 17 18 117
e 17 19 117
t # 36 
v 0 3
v 1 3
v 2 7
v 3 6
v 4 3
v 5 3
v 6 3
v 7 3
v 8 3
v 9 3
v 10 3
v 11 3
v 12 3
v 13 3
v 14 3
v 15 3
v 16 3
v 17 6
v 18 7
v 19 7
e 0 1 47
e 1 2 51
e 1 3 50
e 3 4 113
e 4 5 47
e 4 9 47
e 5 6 47
e 6 7 47
e 7 8 47
e 7 12 47
e 8 9 47
e 8 10 47
e 10 11 47
e 11 12 47
e 11 16 47
e 12 13 47
e 13 14 47
e 14 15 47
e 15 16 47
e 15 17 50
e 17 18 117
e 17 19 117
t # 37 
v 0 3
v 1 3
v 2 3
v 3 3
v 4 3
v 5 3
v 6 3
v 7 3
v 8 3
v 9 3
v 10 3
v 11 3
v 12 3
v 13 3
v 14 3
v 15 3
v 16 6
v 17 7
v 18 7
v 19 7
e 0 1 47
e 0 9 47
e 1 2 47
e 2 3 47
e 2 7 47
e 3 4 47
e 4 5 47
e 5 6 47
e 5 19 51
e 6 7 47
e 6 15 47
e 7 8 47
e 8 9 47
e 8 13 47
e 9 10 47
e 10 11 47
e 11 12 47
e 12 13 47
e 12 16 50
e 13 14 47
e 14 15 47
e 16 17 117
e 16 18 117
t # 38 
v 0 3
v 1 3
v 2 3
v 3 3
v 4 3
v 5 3
v 6 3
v 7 3
v 8 3
v 9 3
v 10 3
v 11 3
v 12 3
v 13 3
v 14 3
v 15 3
v 16 6
v 17 7
v 18 7
e 0 1 47
e 0 13 47
e 1 2 47
e 2 3 47
e 2 11 47
e 3 4 47
e 4 5 47
e 5 6 47
e 5 10 47
e 6 7 47
e 7 8 47
e 8 9 47
e 8 16 50
e 9 10 47
e 9 15 47
e 10 11 47
e 11 12 47
e 12 13 47
e 12 14 47
e 14 15 47
e 16 17 117
e 16 18 117
t # 39 
v 0 3
v 1 3
v 2 3
v 3 3
v 4 3
v 5 3
v 6 3
v 7 3
v 8 3
v 9 3
v 10 3
v 11 3
v 12 3
v 13 3
v 14 3
v 15 3
v 16 3
v 17 3
v 18 3
v 19 3
v 20 6
v 21 7
v 22 7
v 23 6
v 24 7
v 25 7
e 0 1 47
e 0 5 47
e 1 2 47
e 2 3 47
e 3 4 47
e 3 13 47
e 4 5 47
e 4 6 47
e 6 7 47
e 6 11 47
e 7 8 47
e 8 9 47
e 9 10 47
e 9 23 50
e 10 11 47
e 10 19 47
e 11 12 47
e 12 13 47
e 12 17 47
e 13 14 47
e 14 15 47
e 14 20 50
e 15 16 47
e 16 17 47
e 17 18 47
e 18 19 47
e 20 21 117
e 20 22 117
e 23 24 117
e 23 25 117
t # 4 
v 0 3
v 1 3
v 2 3
v 3 3
v 4 3
v 5 3
v 6 3
v 7 3
v 8 3
v 9 3
v 10 3
v 11 3
v 12 3
v 13 3
v 14 3
v 15 3
v 16 3
v 17 3
v 18 3
v 19 3
v 20 6
v 21 7
v 22 7
e 0 1 47
e 0 13 47
e 1 2 47
e 2 3 47
e 2 11 47
e 3 4 47
e 4 5 47
e 5 6 47
e 5 10 47
e 6 7 47
e 7 8 47
e 8 9 47
e 8 20 50
e 9 10 47
e 9 15 47
e 10 11 47
e 11 12 47
e 12 13 47
e 12 14 47
e 14 15 47
e 14 19 47
e 15 16 47
e 16 17 47
e 17 18 47
e 18 19 47
e 20 21 117
e 20 22 117
t # 40 
v 0 3
v 1 3
v 2 3
v 3 3
v 4 3
v 5 3
v 6 3
v 7 3
v 8 3
v 9 3
v 10 3
v 11 3
v 12 6
v 13 7
v 14 7
v 15 6
v 16 7
v 17 7
v 18 6
v 19 7
v 20 7
v 21 6
v 22 7
v 23 7
e 0 1 47
e 0 5 47
e 1 2 47
e 2 3 47
e 2 21 50
e 3 4 47
e 3 18 50
e 4 5 47
e 5 6 47
e 6 7 47
e 6 11 47
e 7 8 47
e 8 9 47
e 9 10 47
e 9 15 50
e 10 11 47
e 10 12 50
e 12 13 117
e 12 14 117
e 15 16 117
e 15 17 117
e 18 19 117
e 18 20 117
e 21 22 117
e 21 23 117
t # 41 
v 0 3
v 1 3
v 2 3
v 3 3
v 4 3
v 5 3
v 6 3
v 7 3
v 8 3
v 9 3
v 10 3
v 11 3
v 12 3
v 13 3
v 14 3
v 15 3
v 16 6
v 17 7
v 18 7
v 19 6
v 20 7
v 21 7
e 0 1 47
e 0 9 47
e 1 2 47
e 2 3 47
e 2 7 47
e 3 4 47
e 4 5 47
e 4 19 50
e 5 6 47
e 6 7 47
e 6 15 47
e 7 8 47
e 8 9 47
e 8 13 47
e 9 10 47
e 10 11 47
e 11 12 47
e 11 16 50
e 12 13 47
e 13 14 47
e 14 15 47
e 16 17 117
e 16 18 117
e 19 20 117
e 19 21 117
t # 42 
v 0 3
v 1 3
v 2 3
v 3 3
v 4 3
v 5 3
v 6 3
v 7 3
v 8 3
v 9 3
v 10 3
v 11 3
v 12 3
v 13 3
v 14 3
v 15 3
v 16 6
v 17 7
v 18 7
v 19 6
v 20 7
v 21 7
e 0 1 47
e 0 13 47
e 1 2 47
e 2 3 47
e 2 11 47
e 3 4 47
e 4 5 47
e 5 6 47
e 5 10 47
e 6 7 47
e 6 19 50
e 7 8 47
e 8 9 47
e 8 16 50
e 9 10 47
e 9 15 47
e 10 11 47
e 11 12 47
e 12 13 47
e 12 14 47
e 14 15 47
e 16 17 117
e 16 18 117
e 19 20 117
e 19 21 117
t # 43 
v 0 3
v 1 3
v 2 3
v 3 3
v 4 3
v 5 3
v 6 3
v 7 3
v 8 3
v 9 3
v 10 3
v 11 3
v 12 3
v 13 3
v 14 3
v 15 3
v 16 6
v 17 7
v 18 7
e 0 1 47
e 0 9 47
e 1 2 47
e 2 3 47
e 2 7 47
e 3 4 47
e 4 5 47
e 5 6 47
e 6 7 47
e 6 11 47
e 7 8 47
e 8 9 47
e 8 10 47
e 10 11 47
e 10 15 47
e 11 12 47
e 12 13 47
e 13 14 47
e 13 16 50
e 14 15 47
e 16 17 117
e 16 18 117
t # 44 
v 0 3
v 1 3
v 2 7
v 3 7
v 4 3
v 5 3
v 6 3
v 7 3
v 8 3
v 9 3
v 10 3
v 11 3
v 12 3
v 13 3
v 14 3
v 15 3
v 16 3
v 17 3
v 18 3
v 19 3
v 20 6
v 21 7
v 22 7
e 0 1 47
e 1 2 51
e 1 3 51
e 3 4 135
e 4 5 47
e 4 17 47
e 5 6 47
e 6 7 47
e 6 20 50
e 7 8 47
e 7 16 47
e 8 9 47
e 9 10 47
e 10 11 47
e 10 15 47
e 11 12 47
e 12 13 47
e 13 14 47
e 14 15 47
e 14 19 47
e 15 16 47
e 16 17 47
e 17 18 47
e 18 19 47
e 20 21 117
e 20 22 117
t # 45 
v 0 3
v 1 3
v 2 3
v 3 3
v 4 3
v 5 3
v 6 3
v 7 3
v 8 3
v 9 3
v 10 3
v 11 3
v 12 3
v 13 3
v 14 3
v 15 3
v 16 6
v 17 7
v 18 7
v 19 6
v 20 7
v 21 7
e 0 1 47
e 0 9 47
e 1 2 47
e 2 3 47
e 2 7 47
e 3 4 47
e 3 19 50
e 4 5 47
e 5 6 47
e 6 7 47
e 6 15 47
e 7 8 47
e 8 9 47
e 8 13 47
e 9 10 47
e 10 11 47
e 11 12 47
e 12 13 47
e 12 16 50
e 13 14 47
e 14 15 47
e 16 17 117
e 16 18 117
e 19 20 117
e 19 21 117
t # 46 
v 0 3
v 1 3
v 2 3
v 3 3
v 4 3
v 5 3
v 6 6
v 7 7
v 8 7
v 9 6
v 10 7
v 11 7
v 12 4
e 0 1 47
e 0 5 47
e 1 2 47
e 2 3 47
e 2 12 48
e 3 4 47
e 3 9 50
e 4 5 47
e 5 6 50
e 6 7 117
e 6 8 117
e 9 10 117
e 9 11 117
t # 47 
v 0 3
v 1 3
v 2 3
v 3 3
v 4 3
v 5 3
v 6 3
v 7 3
v 8 3
v 9 3
v 10 3
v 11 3
v 12 3
v 13 3
v 14 3
v 15 3
v 16 6
v 17 7
v 18 7
v 19 6
v 20 7
v 21 7
e 0 1 47
e 0 5 47
e 1 2 47
e 2 3 47
e 3 4 47
e 3 12 47
e 4 5 47
e 4 6 47
e 6 7 47
e 6 11 47
e 7 8 47
e 8 9 47
e 9 10 47
e 9 19 50
e 10 11 47
e 10 15 47
e 11 12 47
e 12 13 47
e 13 14 47
e 14 15 47
e 15 16 50
e 16 17 117
e 16 18 117
e 19 20 117
e 19 21 117
t # 48 
v 0 3
v 1 3
v 2 3
v 3 3
v 4 3
v 5 3
v 6 6
v 7 3
v 8 3
v 9 3
v 10 3
v 11 3
v 12 3
v 13 6
v 14 6
v 15 7
v 16 7
e 0 1 47
e 0 5 47
e 1 2 47
e 2 3 47
e 3 4 47
e 3 13 50
e 4 5 47
e 4 6 50
e 6 7 113
e 7 8 47
e 7 12 47
e 8 9 47
e 9 10 47
e 10 11 47
e 11 12 47
e 11 14 50
e 12 13 50
e 14 15 117
e 14 16 117
t # 49 
v 0 3
v 1 3
v 2 3
v 3 3
v 4 3
v 5 3
v 6 6
v 7 7
v 8 7
v 9 6
v 10 7
v 11 7
v 12 3
v 13 3
v 14 3
v 15 3
v 16 3
v 17 3
v 18 6
v 19 7
v 20 7
v 21 6
v 22 7
v 23 7
e 0 1 47
e 0 5 47
e 1 2 47
e 2 3 47
e 2 12 47
e 3 4 47
e 3 9 50
e 4 5 47
e 5 6 50
e 6 7 117
e 6 8 117
e 9 10 117
e 9 11 117
e 12 13 47
e 12 17 47
e 13 14 47
e 14 15 47
e 15 16 47
e 15 21 50
e 16 17 47
e 17 18 50
e 18 19 117
e 18 20 117
e 21 22 117
e 21 23 117
t # 5 
v 0 3
v 1 3
v 2 3
v 3 3
v 4 3
v 5 3
v 6 3
v 7 3
v 8 3
v 9 6
v 10 3
v 11 3
v 12 6
v 13 3
v 14 6
v 15 7
v 16 7
e 0 1 47
e 0 13 47
e 1 2 47
e 2 3 47
e 2 11 47
e 3 4 47
e 4 5 47
e 4 14 50
e 5 6 47
e 5 10 47
e 6 7 47
e 7 8 47
e 8 9 50
e 9 10 113
e 10 11 47
e 11 12 50
e 12 13 113
e 14 15 117
e 14 16 117
t # 50 
v 0 3
v 1 3
v 2 3
v 3 3
v 4 3
v 5 6
v 6 6
v 7 3
v 8 3
v 9 6
v 10 7
v 11 7
e 0 1 47
e 0 8 47
e 1 2 47
e 2 3 47
e 2 9 50
e 3 4 47
e 4 5 50
e 4 8 47
e 5 6 116
e 6 7 113
e 7 8 47
e 9 10 117
e 9 11 117
t # 51 
v 0 3
v 1 3
v 2 3
v 3 3
v 4 3
v 5 3
v 6 3
v 7 3
v 8 3
v 9 3
v 10 3
v 11 3
v 12 6
v 13 7
v 14 7
v 15 6
v 16 7
v 17 7
v 18 6
v 19 7
v 20 7
e 0 1 47
e 0 5 47
e 1 2 47
e 2 3 47
e 2 18 50
e 3 4 47
e 4 5 47
e 5 6 47
e 6 7 47
e 6 11 47
e 7 8 47
e 8 9 47
e 9 10 47
e 9 15 50
e 10 11 47
e 10 12 50
e 12 13 117
e 12 14 117
e 15 16 117
e 15 17 117
e 18 19 117
e 18 20 117
t # 52 
v 0 3
v 1 3
v 2 3
v 3 3
v 4 3
v 5 3
v 6 3
v 7 3
v 8 3
v 9 3
v 10 3
v 11 3
v 12 3
v 13 3
v 14 3
v 15 3
v 16 6
v 17 7
v 18 7
v 19 6
v 20 7
v 21 7
e 0 1 47
e 0 9 47
e 1 2 47
e 2 3 47
e 2 7 47
e 3 4 47
e 3 19 50
e 4 5 47
e 5 6 47
e 6 7 47
e 6 11 47
e 7 8 47
e 8 9 47
e 8 10 47
e 10 11 47
e 10 15 47
e 11 12 47
e 12 13 47
e 13 14 47
e 13 16 50
e 14 15 47
e 16 17 117
e 16 18 117
e 19 20 117
e 19 21 117
t # 53 
v 0 3
v 1 3
v 2 3
v 3 3
v 4 3
v 5 3
v 6 6
v 7 7
v 8 7
v 9 3
v 10 3
v 11 3
e 0 1 47
e 0 5 47
e 1 2 47
e 2 3 47
e 2 11 47
e 3 4 47
e 3 9 47
e 4 5 47
e 5 6 50
e 6 7 117
e 6 8 117
e 9 10 47
e 10 11 47
t # 54 
v 0 3
v 1 3
v 2 3
v 3 3
v 4 3
v 5 3
v 6 6
v 7 7
v 8 7
v 9 6
v 10 3
v 11 3
v 12 6
v 13 3
v 14 3
v 15 3
v 16 3
v 17 6
v 18 7
v 19 7
e 0 1 47
e 0 5 47
e 1 2 47
e 2 3 47
e 2 12 50
e 3 4 47
e 3 9 50
e 4 5 47
e 4 6 50
e 6 7 117
e 6 8 117
e 9 10 113
e 10 11 47
e 10 16 47
e 11 12 50
e 11 13 47
e 13 14 47
e 14 15 47
e 15 16 47
e 16 17 50
e 17 18 117
e 17 19 117
t # 55 
v 0 3
v 1 6
v 2 6
v 3 3
v 4 3
v 5 3
v 6 3
v 7 3
v 8 3
v 9 3
v 10 6
v 11 7
v 12 7
e 0 1 50
e 1 2 116
e 1 5 113
e 2 3 113
e 3 4 47
e 3 9 47
e 4 5 47
e 4 6 47
e 6 7 47
e 7 8 47
e 8 9 47
e 9 10 50
e 10 11 117
e 10 12 117
t # 56 
v 0 3
v 1 3
v 2 3
v 3 3
v 4 3
v 5 3
v 6 3
v 7 3
v 8 3
v 9 3
v 10 3
v 11 3
v 12 3
v 13 3
v 14 3
v 15 3
v 16 3
v 17 3
v 18 3
v 19 3
v 20 3
v 21 3
v 22 6
v 23 7
v 24 7
v 25 6
v 26 7
v 27 7
e 0 1 47
e 0 13 47
e 1 2 47
e 2 3 47
e 2 11 47
e 3 4 47
e 4 5 47
e 5 6 47
e 5 10 47
e 6 7 47
e 6 25 50
e 7 8 47
e 8 9 47
e 9 10 47
e 9 18 47
e 10 11 47
e 11 12 47
e 12 13 47
e 12 17 47
e 13 14 47
e 14 15 47
e 15 16 47
e 16 17 47
e 16 21 47
e 17 18 47
e 18 19 47
e 19 20 47
e 19 22 50
e 20 21 47
e 22 23 117
e 22 24 117
e 25 26 117
e 25 27 117
t # 57 
v 0 3
v 1 3
v 2 3
v 3 3
v 4 3
v 5 3
v 6 3
v 7 3
v 8 3
v 9 3
v 10 3
v 11 3
v 12 3
v 13 3
v 14 3
v 15 3
v 16 6
v 17 7
v 18 7
v 19 6
v 20 7
v 21 7
e 0 1 47
e 0 9 47
e 1 2 47
e 2 3 47
e 2 7 47
e 3 4 47
e 4 5 47
e 5 6 47
e 5 19 50
e 6 7 47
e 6 15 47
e 7 8 47
e 8 9 47
e 8 13 47
e 9 10 47
e 10 11 47
e 11 12 47
e 12 13 47
e 12 16 50
e 13 14 47
e 14 15 47
e 16 17 117
e 16 18 117
e 19 20 117
e 19 21 117
t # 58 
v 0 3
v 1 3
v 2 3
v 3 3
v 4 3
v 5 3
v 6 3
v 7 3
v 8 3
v 9 3
v 10 3
v 11 3
v 12 3
v 13 3
v 14 3
v 15 3
v 16 6
v 17 7
v 18 7
v 19 6
v 20 7
v 21 7
e 0 1 47
e 0 9 47
e 1 2 47
e 2 3 47
e 2 7 47
e 3 4 47
e 3 19 50
e 4 5 47
e 5 6 47
e 6 7 47
e 6 11 47
e 7 8 47
e 8 9 47
e 8 10 47
e 10 11 47
e 10 15 47
e 11 12 47
e 12 13 47
e 13 14 47
e 14 15 47
e 15 16 50
e 16 17 117
e 16 18 117
e 19 20 117
e 19 21 117
t # 59 
v 0 3
v 1 3
v 2 3
v 3 3
v 4 3
v 5 3
v 6 3
v 7 3
v 8 3
v 9 3
v 10 3
v 11 3
v 12 3
v 13 3
v 14 3
v 15 3
v 16 3
v 17 3
v 18 6
v 19 7
v 20 7
e 0 1 47
e 0 5 47
e 1 2 47
e 2 3 47
e 3 4 47
e 3 13 47
e 4 5 47
e 4 6 47
e 6 7 47
e 6 11 47
e 7 8 47
e 8 9 47
e 9 10 47
e 10 11 47
e 11 12 47
e 12 13 47
e 12 17 47
e 13 14 47
e 14 15 47
e 15 16 47
e 16 17 47
e 16 18 50
e 18 19 117
e 18 20 117
t # 6 
v 0 3
v 1 3
v 2 3
v 3 3
v 4 3
v 5 3
v 6 3
v 7 3
v 8 3
v 9 3
v 10 3
v 11 3
v 12 3
v 13 3
v 14 3
v 15 3
v 16 7
v 17 6
v 18 7
v 19 7
e 0 1 47
e 0 13 47
e 1 2 47
e 2 3 47
e 2 11 47
e 3 4 47
e 4 5 47
e 5 6 47
e 5 10 47
e 6 7 47
e 7 8 47
e 8 9 47
e 8 17 50
e 9 10 47
e 9 15 47
e 10 11 47
e 11 12 47
e 12 13 47
e 12 14 47
e 14 15 47
e 15 16 51
e 17 18 117
e 17 19 117
t # 60 
v 0 3
v 1 3
v 2 3
v 3 3
v 4 3
v 5 3
v 6 3
v 7 3
v 8 3
v 9 3
v 10 3
v 11 3
v 12 3
v 13 7
v 14 6
v 15 7
v 16 7
e 0 1 47
e 0 5 47
e 1 2 47
e 2 3 47
e 3 4 47
e 3 12 47
e 4 5 47
e 4 6 47
e 6 7 47
e 6 11 47
e 7 8 47
e 8 9 47
e 8 14 50
e 9 10 47
e 10 11 47
e 11 12 47
e 12 13 51
e 14 15 117
e 14 16 117
t # 61 
v 0 3
v 1 3
v 2 3
v 3 3
v 4 3
v 5 3
v 6 3
v 7 3
v 8 3
v 9 3
v 10 3
v 11 3
v 12 3
v 13 3
v 14 6
v 15 7
v 16 7
e 0 1 47
e 0 5 47
e 1 2 47
e 2 3 47
e 3 4 47
e 3 9 47
e 4 5 47
e 4 6 47
e 6 7 47
e 7 8 47
e 8 9 47
e 8 13 47
e 9 10 47
e 10 11 47
e 11 12 47
e 12 13 47
e 12 14 50
e 14 15 117
e 14 16 117
t # 62 
v 0 3
v 1 3
v 2 3
v 3 3
v 4 3
v 5 3
v 6 3
v 7 6
v 8 3
v 9 3
v 10 3
v 11 3
v 12 3
v 13 3
v 14 3
v 15 6
v 16 7
v 17 7
e 0 1 47
e 0 5 47
e 1 2 47
e 2 3 47
e 2 10 47
e 3 4 47
e 3 8 47
e 4 5 47
e 5 6 47
e 6 7 50
e 8 9 47
e 9 10 47
e 9 14 47
e 10 11 47
e 11 12 47
e 12 13 47
e 13 14 47
e 13 15 50
e 15 16 117
e 15 17 117
t # 63 
v 0 3
v 1 3
v 2 3
v 3 3
v 4 3
v 5 3
v 6 6
v 7 7
v 8 7
v 9 3
v 10 3
v 11 3
v 12 3
v 13 3
v 14 3
v 15 6
v 16 7
v 17 7
e 0 1 47
e 0 5 47
e 1 2 47
e 2 3 47
e 2 9 47
e 3 4 47
e 4 5 47
e 4 6 50
e 6 7 117
e 6 8 117
e 9 10 47
e 9 14 47
e 10 11 47
e 11 12 47
e 12 13 47
e 12 15 50
e 13 14 47
e 15 16 117
e 15 17 117
t # 64 
v 0 3
v 1 3
v 2 3
v 3 3
v 4 3
v 5 3
v 6 6
v 7 7
v 8 7
v 9 3
v 10 3
v 11 3
v 12 3
v 13 3
v 14 3
v 15 3
v 16 5
e 0 1 47
e 0 5 47
e 1 2 47
e 2 3 47
e 2 11 47
e 3 4 47
e 3 9 47
e 4 5 47
e 5 6 50
e 6 7 117
e 6 8 117
e 9 10 47
e 10 11 47
e 10 15 47
e 11 12 47
e 12 13 47
e 13 14 47
e 14 15 47
e 14 16 49
t # 65 
v 0 3
v 1 3
v 2 3
v 3 3
v 4 3
v 5 3
v 6 3
v 7 3
v 8 3
v 9 3
v 10 3
v 11 3
v 12 3
v 13 3
v 14 3
v 15 3
v 16 3
v 17 3
v 18 3
v 19 3
v 20 6
v 21 7
v 22 7
e 0 1 47
e 0 5 47
e 1 2 47
e 2 3 47
e 3 4 47
e 3 9 47
e 4 5 47
e 4 6 47
e 6 7 47
e 7 8 47
e 8 9 47
e 8 17 47
e 9 10 47
e 10 11 47
e 11 12 47
e 11 16 47
e 12 13 47
e 13 14 47
e 14 15 47
e 15 16 47
e 15 19 47
e 16 17 47
e 17 18 47
e 18 19 47
e 19 20 50
e 20 21 117
e 20 22 117
t # 66 
v 0 3
v 1 3
v 2 3
v 3 3
v 4 3
v 5 3
v 6 3
v 7 3
v 8 3
v 9 3
v 10 3
v 11 3
v 12 3
v 13 3
v 14 3
v 15 3
v 16 3
v 17 3
v 18 3
v 19 3
v 20 3
v 21 3
v 22 3
v 23 3
v 24 6
v 25 7
v 26 7
e 0 1 47
e 0 17 47
e 1 2 47
e 2 3 47
e 2 19 47
e 3 4 47
e 4 5 47
e 5 6 47
e 5 20 47
e 6 7 47
e 7 8 47
e 8 9 47
e 8 21 47
e 9 10 47
e 9 24 50
e 10 11 47
e 11 12 47
e 11 22 47
e 12 13 47
e 13 14 47
e 14 15 47
e 14 23 47
e 15 16 47
e 16 17 47
e 17 18 47
e 18 19 47
e 18 23 47
e 19 20 47
e 20 21 47
e 21 22 47
e 22 23 47
e 24 25 117
e 24 26 117
t # 67 
v 0 3
v 1 3
v 2 3
v 3 3
v 4 3
v 5 3
v 6 6
v 7 7
v 8 7
v 9 3
v 10 3
v 11 3
v 12 3
v 13 3
v 14 3
v 15 3
v 16 7
e 0 1 47
e 0 5 47
e 1 2 47
e 2 3 47
e 2 11 47
e 3 4 47
e 3 9 47
e 4 5 47
e 5 6 50
e 6 7 117
e 6 8 117
e 9 10 47
e 10 11 47
e 10 15 47
e 11 12 47
e 12 13 47
e 13 14 47
e 14 15 47
e 14 16 51
t # 68 
v 0 3
v 1 3
v 2 3
v 3 3
v 4 3
v 5 3
v 6 6
v 7 7
v 8 7
v 9 6
v 10 7
v 11 7
v 12 2
e 0 1 47
e 0 5 47
e 1 2 47
e 2 3 47
e 2 12 46
e 3 4 47
e 3 9 50
e 4 5 47
e 5 6 50
e 6 7 117
e 6 8 117
e 9 10 117
e 9 11 117
t # 69 
v 0 3
v 1 3
v 2 3
v 3 3
v 4 3
v 5 3
v 6 3
v 7 3
v 8 3
v 9 3
v 10 3
v 11 3
v 12 3
v 13 3
v 14 3
v 15 3
v 16 3
v 17 3
v 18 3
v 19 3
v 20 6
v 21 7
v 22 7
e 0 1 47
e 0 5 47
e 1 2 47
e 2 3 47
e 3 4 47
e 3 17 47
e 4 5 47
e 4 6 47
e 6 7 47
e 7 8 47
e 7 16 47
e 8 9 47
e 9 10 47
e 10 11 47
e 10 15 47
e 11 12 47
e 12 13 47
e 13 14 47
e 13 20 50
e 14 15 47
e 14 19 47
e 15 16 47
e 16 17 47
e 17 18 47
e 18 19 47
e 20 21 117
e 20 22 117
t # 7 
v 0 3
v 1 3
v 2 3
v 3 3
v 4 3
v 5 3
v 6 3
v 7 3
v 8 3
v 9 3
v 10 3
v 11 3
v 12 3
v 13 3
v 14 3
v 15 3
v 16 6
v 17 7
v 18 7
v 19 6
v 20 7
v 21 7
v 22 6
v 23 7
v 24 7
e 0 1 47
e 0 5 47
e 1 2 47
e 2 3 47
e 3 4 47
e 3 12 47
e 4 5 47
e 4 6 47
e 6 7 47
e 6 11 47
e 7 8 47
e 8 9 47
e 8 22 50
e 9 10 47
e 10 11 47
e 10 15 47
e 11 12 47
e 12 13 47
e 13 14 47
e 14 15 47
e 14 19 50
e 15 16 50
e 16 17 117
e 16 18 117
e 19 20 117
e 19 21 117
e 22 23 117
e 22 24 117
t # 70 
v 0 3
v 1 3
v 2 3
v 3 3
v 4 3
v 5 3
v 6 6
v 7 7
v 8 7
v 9 3
v 10 3
v 11 3
v 12 3
v 13 3
v 14 3
v 15 3
v 16 4
e 0 1 47
e 0 5 47
e 1 2 47
e 2 3 47
e 2 11 47
e 3 4 47
e 3 9 47
e 4 5 47
e 5 6 50
e 6 7 117
e 6 8 117
e 9 10 47
e 10 11 47
e 10 15 47
e 11 12 47
e 12 13 47
e 13 14 47
e 14 15 47
e 14 16 48
t # 71 
v 0 3
v 1 3
v 2 3
v 3 3
v 4 3
v 5 3
v 6 6
v 7 7
v 8 7
v 9 3
v 10 7
v 11 3
v 12 3
v 13 3
v 14 3
v 15 3
v 16 3
v 17 6
v 18 7
v 19 7
v 20 6
v 21 7
v 22 7
e 0 1 47
e 0 5 47
e 1 2 47
e 2 3 47
e 2 12 47
e 3 4 47
e 3 9 47
e 4 5 47
e 5 6 50
e 6 7 117
e 6 8 117
e 9 10 51
e 9 11 47
e 11 12 47
e 11 16 47
e 12 13 47
e 13 14 47
e 13 20 50
e 14 15 47
e 15 16 47
e 15 17 50
e 17 18 117
e 17 19 117
e 20 21 117
e 20 22 117
t # 72 
v 0 3
v 1 3
v 2 3
v 3 3
v 4 3
v 5 3
v 6 3
v 7 3
v 8 3
v 9 3
v 10 3
v 11 3
v 12 3
v 13 3
v 14 3
v 15 3
v 16 3
v 17 3
v 18 3
v 19 3
v 20 6
v 21 7
v 22 7
e 0 1 47
e 0 17 47
e 1 2 47
e 2 3 47
e 3 4 47
e 3 16 47
e 4 5 47
e 5 6 47
e 5 14 47
e 6 7 47
e 6 11 47
e 7 8 47
e 8 9 47
e 9 10 47
e 10 11 47
e 10 19 47
e 11 12 47
e 12 13 47
e 12 18 47
e 13 14 47
e 14 15 47
e 15 16 47
e 16 17 47
e 18 19 47
e 19 20 50
e 20 21 117
e 20 22 117
t # 73 
v 0 3
v 1 3
v 2 3
v 3 3
v 4 3
v 5 3
v 6 3
v 7 3
v 8 3
v 9 3
v 10 3
v 11 3
v 12 3
v 13 3
v 14 3
v 15 3
v 16 6
v 17 7
v 18 7
v 19 6
v 20 7
v 21 7
e 0 1 47
e 0 5 47
e 1 2 47
e 2 3 47
e 3 4 47
e 3 12 47
e 4 5 47
e 4 6 47
e 6 7 47
e 6 11 47
e 7 8 47
e 8 9 47
e 9 10 47
e 10 11 47
e 10 15 47
e 11 12 47
e 12 13 47
e 13 14 47
e 13 19 50
e 14 15 47
e 14 16 50
e 16 17 117
e 16 18 117
e 19 20 117
e 19 21 117
t # 74 
v 0 3
v 1 3
v 2 3
v 3 3
v 4 3
v 5 3
v 6 3
v 7 3
v 8 3
v 9 3
v 10 3
v 11 3
v 12 6
v 13 7
v 14 7
v 15 6
v 16 7
v 17 7
v 18 6
v 19 7
v 20 7
v 21 6
v 22 7
v 23 7
e 0 1 47
e 0 5 47
e 1 2 47
e 2 3 47
e 2 21 50
e 3 4 47
e 3 18 50
e 4 5 47
e 5 6 47
e 6 7 47
e 6 11 47
e 7 8 47
e 8 9 47
e 9 10 47
e 9 15 50
e 10 11 47
e 11 12 50
e 12 13 117
e 12 14 117
e 15 16 117
e 15 17 117
e 18 19 117
e 18 20 117
e 21 22 117
e 21 23 117
t # 75 
v 0 3
v 1 3
v 2 3
v 3 3
v 4 3
v 5 3
v 6 6
v 7 3
v 8 7
v 9 3
v 10 4
v 11 4
v 12 4
v 13 3
v 14 3
v 15 3
v 16 3
v 17 3
v 18 3
v 19 3
v 20 6
v 21 7
v 22 7
e 0 1 47
e 0 5 47
e 1 2 47
e 2 3 47
e 2 15 47
e 3 4 47
e 3 13 47
e 4 5 47
e 5 6 50
e 6 7 113
e 7 8 51
e 7 9 47
e 9 10 48
e 9 11 48
e 9 12 48
e 13 14 47
e 14 15 47
e 14 19 47
e 15 16 47
e 16 17 47
e 17 18 47
e 18 19 47
e 18 20 50
e 20 21 117
e 20 22 117
t # 76 
v 0 3
v 1 3
v 2 3
v 3 3
v 4 3
v 5 3
v 6 6
v 7 3
v 8 3
v 9 3
v 10 3
v 11 3
v 12 3
v 13 3
v 14 6
v 15 7
v 16 7
e 0 1 47
e 0 5 47
e 1 2 47
e 2 3 47
e 2 9 47
e 3 4 47
e 3 7 47
e 4 5 47
e 5 6 50
e 7 8 47
e 8 9 47
e 8 13 47
e 9 10 47
e 10 11 47
e 11 12 47
e 12 13 47
e 12 14 50
e 14 15 117
e 14 16 117
t # 77 
v 0 3
v 1 3
v 2 3
v 3 3
v 4 3
v 5 3
v 6 3
v 7 3
v 8 3
v 9 3
v 10 3
v 11 3
v 12 3
v 13 3
v 14 6
v 15 7
v 16 7
e 0 1 47
e 0 5 47
e 1 2 47
e 2 3 47
e 3 4 47
e 3 6 47
e 4 5 47
e 6 7 47
e 7 8 47
e 8 9 47
e 8 13 47
e 9 10 47
e 10 11 47
e 11 12 47
e 11 14 50
e 12 13 47
e 14 15 117
e 14 16 117
t # 78 
v 0 3
v 1 3
v 2 3
v 3 3
v 4 3
v 5 3
v 6 6
v 7 7
v 8 7
v 9 3
v 10 3
v 11 3
v 12 3
v 13 3
v 14 3
v 15 3
v 16 1
e 0 1 47
e 0 5 47
e 1 2 47
e 2 3 47
e 2 11 47
e 3 4 47
e 3 9 47
e 4 5 47
e 5 6 50
e 6 7 117
e 6 8 117
e 9 10 47
e 10 11 47
e 10 15 47
e 11 12 47
e 12 13 47
e 13 14 47
e 14 15 47
e 14 16 45
t # 79 
v 0 3
v 1 3
v 2 3
v 3 3
v 4 3
v 5 3
v 6 3
v 7 3
v 8 3
v 9 3
v 10 3
v 11 3
v 12 3
v 13 3
v 14 3
v 15 3
v 16 6
v 17 7
v 18 7
e 0 1 47
e 0 5 47
e 1 2 47
e 2 3 47
e 3 4 47
e 3 12 47
e 4 5 47
e 4 6 47
e 6 7 47
e 6 11 47
e 7 8 47
e 8 9 47
e 9 10 47
e 10 11 47
e 10 15 47
e 11 12 47
e 12 13 47
e 13 14 47
e 14 15 47
e 14 16 50
e 16 17 117
e 16 18 117
t # 8 
v 0 3
v 1 3
v 2 3
v 3 3
v 4 3
v 5 3
v 6 3
v 7 3
v 8 3
v 9 3
v 10 3
v 11 3
v 12 3
v 13 3
v 14 3
v 15 3
v 16 6
v 17 7
v 18 7
e 0 1 47
e 0 5 47
e 1 2 47
e 2 3 47
e 3 4 47
e 3 12 47
e 4 5 47
e 4 6 47
e 6 7 47
e 6 11 47
e 7 8 47
e 8 9 47
e 9 10 47
e 10 11 47
e 10 15 47
e 11 12 47
e 12 13 47
e 13 14 47
e 14 15 47
e 15 16 50
e 16 17 117
e 16 18 117
t # 80 
v 0 3
v 1 3
v 2 3
v 3 3
v 4 3
v 5 3
v 6 3
v 7 3
v 8 3
v 9 3
v 10 3
v 11 3
v 12 3
v 13 3
v 14 6
v 15 7
v 16 7
e 0 1 47
e 0 5 47
e 1 2 47
e 2 3 47
e 3 4 47
e 3 9 47
e 4 5 47
e 4 6 47
e 6 7 47
e 7 8 47
e 8 9 47
e 8 13 47
e 9 10 47
e 10 11 47
e 11 12 47
e 12 13 47
e 12 14 50
e 14 15 117
e 14 16 117
t # 81 
v 0 3
v 1 3
v 2 3
v 3 3
v 4 3
v 5 3
v 6 6
v 7 7
v 8 7
v 9 6
v 10 7
v 11 7
e 0 1 47
e 0 5 47
e 1 2 47
e 2 3 47
e 2 9 50
e 3 4 47
e 4 5 47
e 5 6 50
e 6 7 117
e 6 8 117
e 9 10 117
e 9 11 117
t # 82 
v 0 3
v 1 3
v 2 3
v 3 3
v 4 3
v 5 3
v 6 3
v 7 3
v 8 3
v 9 3
v 10 3
v 11 3
v 12 3
v 13 3
v 14 3
v 15 3
v 16 6
v 17 7
v 18 7
v 19 3
v 20 3
v 21 3
v 22 3
e 0 1 47
e 0 9 47
e 1 2 47
e 2 3 47
e 2 7 47
e 3 4 47
e 4 5 47
e 4 22 47
e 5 6 47
e 5 19 47
e 6 7 47
e 6 15 47
e 7 8 47
e 8 9 47
e 8 13 47
e 9 10 47
e 10 11 47
e 11 12 47
e 12 13 47
e 12 16 50
e 13 14 47
e 14 15 47
e 16 17 117
e 16 18 117
e 19 20 47
e 20 21 47
e 21 22 47
t # 83 
v 0 3
v 1 3
v 2 3
v 3 3
v 4 3
v 5 3
v 6 3
v 7 3
v 8 3
v 9 3
v 10 3
v 11 3
v 12 3
v 13 3
v 14 6
v 15 7
v 16 7
v 17 3
v 18 3
v 19 6
v 20 7
v 21 7
e 0 1 47
e 0 5 47
e 1 2 47
e 1 19 50
e 2 3 47
e 3 4 47
e 3 18 47
e 4 5 47
e 4 9 47
e 5 6 47
e 6 7 47
e 7 8 47
e 8 9 47
e 8 13 47
e 9 10 47
e 10 11 47
e 10 17 47
e 11 12 47
e 12 13 47
e 12 14 50
e 14 15 117
e 14 16 117
e 17 18 47
e 19 20 117
e 19 21 117
t # 84 
v 0 3
v 1 3
v 2 3
v 3 3
v 4 3
v 5 3
v 6 3
v 7 3
v 8 3
v 9 3
v 10 3
v 11 3
v 12 3
v 13 3
v 14 6
v 15 7
v 16 7
e 0 1 47
e 0 13 47
e 1 2 47
e 2 3 47
e 3 4 47
e 3 12 47
e 4 5 47
e 5 6 47
e 5 10 47
e 6 7 47
e 7 8 47
e 7 14 50
e 8 9 47
e 9 10 47
e 10 11 47
e 11 12 47
e 12 13 47
e 14 15 117
e 14 16 117
t # 85 
v 0 3
v 1 3
v 2 3
v 3 3
v 4 3
v 5 3
v 6 6
v 7 7
v 8 7
v 9 6
v 10 3
v 11 3
v 12 3
v 13 3
v 14 3
v 15 3
v 16 6
v 17 6
v 18 7
v 19 7
e 0 1 47
e 0 5 47
e 1 2 47
e 2 3 47
e 2 16 50
e 3 4 47
e 3 9 50
e 4 5 47
e 5 6 50
e 6 7 117
e 6 8 117
e 9 10 113
e 10 11 47
e 10 15 47
e 11 12 47
e 12 13 47
e 12 17 50
e 13 14 47
e 14 15 47
e 15 16 50
e 17 18 117
e 17 19 117
t # 86 
v 0 3
v 1 3
v 2 3
v 3 3
v 4 3
v 5 3
v 6 3
v 7 3
v 8 3
v 9 3
v 10 3
v 11 3
v 12 3
v 13 3
v 14 3
v 15 3
v 16 6
v 17 7
v 18 7
e 0 1 47
e 0 5 47
e 1 2 47
e 2 3 47
e 3 4 47
e 3 12 47
e 4 5 47
e 4 6 47
e 6 7 47
e 6 11 47
e 7 8 47
e 8 9 47
e 9 10 47
e 10 11 47
e 10 15 47
e 11 12 47
e 12 13 47
e 13 14 47
e 13 16 50
e 14 15 47
e 16 17 117
e 16 18 117
t # 87 
v 0 3
v 1 3
v 2 3
v 3 3
v 4 3
v 5 3
v 6 3
v 7 3
v 8 6
v 9 7
v 10 7
v 11 3
v 12 3
v 13 6
v 14 7
v 15 7
e 0 1 47
e 0 12 47
e 1 2 47
e 2 3 47
e 2 7 47
e 3 4 47
e 3 11 47
e 4 5 47
e 5 6 47
e 6 7 47
e 7 8 50
e 8 9 117
e 8 10 117
e 11 12 47
e 11 13 50
e 13 14 117
e 13 15 117
t # 88 
v 0 3
v 1 3
v 2 3
v 3 3
v 4 3
v 5 3
v 6 3
v 7 3
v 8 3
v 9 3
v 10 3
v 11 3
v 12 3
v 13 3
v 14 3
v 15 3
v 16 3
v 17 3
v 18 3
v 19 3
v 20 6
v 21 7
v 22 7
v 23 6
v 24 7
v 25 7
e 0 1 47
e 0 9 47
e 1 2 47
e 2 3 47
e 2 7 47
e 3 4 47
e 3 23 50
e 4 5 47
e 5 6 47
e 6 7 47
e 6 15 47
e 7 8 47
e 8 9 47
e 8 13 47
e 9 10 47
e 10 11 47
e 11 12 47
e 12 13 47
e 12 20 50
e 13 14 47
e 14 15 47
e 14 19 47
e 15 16 47
e 16 17 47
e 17 18 47
e 18 19 47
e 20 21 117
e 20 22 117
e 23 24 117
e 23 25 117
t # 89 
v 0 3
v 1 3
v 2 3
v 3 3
v 4 3
v 5 3
v 6 3
v 7 3
v 8 3
v 9 3
v 10 3
v 11 3
v 12 3
v 13 3
v 14 3
v 15 3
v 16 3
v 17 3
v 18 3
v 19 3
v 20 6
v 21 7
v 22 7
v 23 6
v 24 7
v 25 7
e 0 1 47
e 0 13 47
e 1 2 47
e 2 3 47
e 2 11 47
e 3 4 47
e 4 5 47
e 5 6 47
e 5 10 47
e 6 7 47
e 6 23 50
e 7 8 47
e 8 9 47
e 8 20 50
e 9 10 47
e 9 15 47
e 10 11 47
e 11 12 47
e 12 13 47
e 12 14 47
e 14 15 47
e 14 19 47
e 15 16 47
e 16 17 47
e 17 18 47
e 18 19 47
e 20 21 117
e 20 22 117
e 23 24 117
e 23 25 117
t # 9 
v 0 3
v 1 3
v 2 3
v 3 3
v 4 3
v 5 3
v 6 3
v 7 3
v 8 3
v 9 3
v 10 3
v 11 3
v 12 3
v 13 3
v 14 3
v 15 3
v 16 3
v 17 3
v 18 3
v 19 3
v 20 3
v 21 3
v 22 6
v 23 7
v 24 7
v 25 6
v 26 7
v 27 7
e 0 1 47
e 0 13 47
e 1 2 47
e 2 3 47
e 2 11 47
e 3 4 47
e 4 5 47
e 5 6 47
e 5 10 47
e 6 7 47
e 6 25 50
e 7 8 47
e 8 9 47
e 9 10 47
e 9 18 47
e 10 11 47
e 11 12 47
e 12 13 47
e 12 17 47
e 13 14 47
e 14 15 47
e 15 16 47
e 16 17 47
e 16 21 47
e 17 18 47
e 18 19 47
e 19 20 47
e 20 21 47
e 21 22 50
e 22 23 117
e 22 24 117
e 25 26 117
e 25 27 117
t # 90 
v 0 3
v 1 3
v 2 3
v 3 3
v 4 3
v 5 3
v 6 6
v 7 7
v 8 7
v 9 3
v 10 3
v 11 3
v 12 3
v 13 3
v 14 3
v 15 3
v 16 6
v 17 7
v 18 7
e 0 1 47
e 0 5 47
e 1 2 47
e 2 3 47
e 2 11 47
e 3 4 47
e 3 9 47
e 4 5 47
e 5 6 50
e 6 7 117
e 6 8 117
e 9 10 47
e 10 11 47
e 10 15 47
e 11 12 47
e 12 13 47
e 13 14 47
e 14 15 47
e 14 16 50
e 16 17 117
e 16 18 117
t # 91 
v 0 3
v 1 3
v 2 3
v 3 3
v 4 3
v 5 3
v 6 6
v 7 7
v 8 7
v 9 7
v 10 3
v 11 3
v 12 3
v 13 3
v 14 3
v 15 3
v 16 7
v 17 2
v 18 2
e 0 1 47
e 0 5 47
e 1 2 47
e 2 3 47
e 2 16 51
e 3 4 47
e 3 9 51
e 4 5 47
e 5 6 50
e 6 7 117
e 6 8 117
e 9 10 135
e 10 11 47
e 10 15 47
e 11 12 47
e 12 13 47
e 12 18 46
e 13 14 47
e 13 17 46
e 14 15 47
e 15 16 51
t # 92 
v 0 3
v 1 3
v 2 3
v 3 3
v 4 3
v 5 3
v 6 6
v 7 3
v 8 3
v 9 3
v 10 3
v 11 3
v 12 3
v 13 6
v 14 6
v 15 7
v 16 7
e 0 1 47
e 0 5 47
e 1 2 47
e 2 3 47
e 3 4 47
e 3 13 50
e 4 5 47
e 4 6 50
e 6 7 113
e 7 8 47
e 7 12 47
e 8 9 47
e 9 10 47
e 10 11 47
e 10 14 50
e 11 12 47
e 12 13 50
e 14 15 117
e 14 16 117
t # 93 
v 0 3
v 1 3
v 2 3
v 3 3
v 4 3
v 5 3
v 6 3
v 7 3
v 8 3
v 9 3
v 10 3
v 11 3
v 12 6
v 13 7
v 14 7
v 15 6
v 16 7
v 17 7
v 18 6
v 19 7
v 20 7
e 0 1 47
e 0 5 47
e 1 2 47
e 2 3 47
e 2 18 50
e 3 4 47
e 4 5 47
e 5 6 47
e 6 7 47
e 6 11 47
e 7 8 47
e 8 9 47
e 9 10 47
e 9 15 50
e 10 11 47
e 11 12 50
e 12 13 117
e 12 14 117
e 15 16 117
e 15 17 117
e 18 19 117
e 18 20 117
t # 94 
v 0 3
v 1 3
v 2 3
v 3 3
v 4 3
v 5 3
v 6 3
v 7 3
v 8 3
v 9 3
v 10 3
v 11 3
v 12 3
v 13 6
v 14 7
v 15 7
v 16 3
v 17 3
v 18 3
v 19 3
v 20 3
v 21 3
v 22 3
v 23 7
v 24 7
e 0 1 47
e 0 9 47
e 1 2 47
e 2 3 47
e 2 18 47
e 3 4 47
e 3 8 47
e 4 5 47
e 4 16 47
e 5 6 47
e 6 7 47
e 7 8 47
e 7 12 47
e 8 9 47
e 9 10 47
e 10 11 47
e 11 12 47
e 12 13 50
e 13 14 117
e 13 15 117
e 16 17 47
e 17 18 47
e 17 22 47
e 18 19 47
e 19 20 47
e 19 24 51
e 20 21 47
e 20 23 51
e 21 22 47
t # 95 
v 0 3
v 1 3
v 2 3
v 3 3
v 4 3
v 5 3
v 6 3
v 7 3
v 8 3
v 9 3
v 10 3
v 11 3
v 12 3
v 13 3
v 14 3
v 15 3
v 16 3
v 17 3
v 18 3
v 19 3
v 20 6
v 21 7
v 22 7
e 0 1 47
e 0 5 47
e 1 2 47
e 2 3 47
e 3 4 47
e 3 9 47
e 4 5 47
e 4 6 47
e 6 7 47
e 7 8 47
e 8 9 47
e 8 13 47
e 9 10 47
e 10 11 47
e 10 19 47
e 11 12 47
e 11 17 47
e 12 13 47
e 12 14 47
e 14 15 47
e 15 16 47
e 16 17 47
e 17 18 47
e 18 19 47
e 18 20 50
e 20 21 117
e 20 22 117
t # 96 
v 0 3
v 1 3
v 2 3
v 3 3
v 4 3
v 5 3
v 6 3
v 7 3
v 8 3
v 9 3
v 10 6
v 11 7
v 12 7
v 13 6
v 14 7
v 15 7
v 16 6
v 17 7
v 18 7
e 0 1 47
e 0 9 47
e 1 2 47
e 2 3 47
e 2 7 47
e 3 4 47
e 4 5 47
e 4 16 50
e 5 6 47
e 6 7 47
e 6 13 50
e 7 8 47
e 8 9 47
e 8 10 50
e 10 11 117
e 10 12 117
e 13 14 117
e 13 15 117
e 16 17 117
e 16 18 117
t # 97 
v 0 3
v 1 3
v 2 3
v 3 3
v 4 3
v 5 3
v 6 6
v 7 7
v 8 7
v 9 3
v 10 3
v 11 3
v 12 3
v 13 3
v 14 3
v 15 3
v 16 2
e 0 1 47
e 0 5 47
e 1 2 47
e 2 3 47
e 2 11 47
e 3 4 47
e 3 9 47
e 4 5 47
e 5 6 50
e 6 7 117
e 6 8 117
e 9 10 47
e 10 11 47
e 10 15 47
e 11 12 47
e 12 13 47
e 13 14 47
e 14 15 47
e 14 16 46
t # 98 
v 0 3
v 1 3
v 2 3
v 3 7
v 4 3
v 5 3
v 6 3
v 7 3
v 8 7
v 9 6
v 10 6
v 11 3
v 12 3
v 13 3
v 14 3
v 15 3
v 16 7
v 17 6
v 18 7
v 19 7
v 20 6
v 21 7
v 22 7
e 0 1 47
e 0 4 47
e 1 2 47
e 2 3 51
e 2 20 50
e 3 4 135
e 4 5 47
e 5 6 47
e 6 7 47
e 7 8 51
e 7 9 50
e 9 10 116
e 10 11 113
e 11 12 47
e 12 13 47
e 12 16 51
e 13 14 47
e 14 15 47
e 15 16 51
e 15 17 50
e 17 18 117
e 17 19 117
e 20 21 117
e 20 22 117
t # 99 
v 0 3
v 1 3
v 2 3
v 3 3
v 4 3
v 5 3
v 6 6
v 7 7
v 8 7
v 9 3
v 10 7
v 11 3
v 12 3
v 13 3
v 14 3
v 15 3
v 16 3
v 17 6
v 18 7
v 19 7
e 0 1 47
e 0 5 47
e 1 2 47
e 2 3 47
e 2 12 47
e 3 4 47
e 3 9 47
e 4 5 47
e 5 6 50
e 6 7 117
e 6 8 117
e 9 10 51
e 9 11 47
e 11 12 47
e 11 16 47
e 12 13 47
e 13 14 47
e 14 15 47
e 15 16 47
e 15 17 50
e 17 18 117
e 17 19 117
